6589
12109
2347
14571
19577
2810
10223
18458
6241
12261
18764
11767
7116
8667
11517
18312
5447
10692
15164
5042
340
10556
18065
9586
7256
18558
11035
13974
16399
10285
11808
12815
7032
5854
12922
3180
9433
3001
2639
15602
9322
14874
570
12088
2245
17539
12309
8720
2876
6368
1533
11161
2726
1986
7770
13022
12142
18248
19216
4816
5850
1484
15092
2800
695
15939
3126
4975
2445
856
14827
7989
12472
8460
13966
12965
17143
514
15795
2006
7362
6126
16994
12572
10566
2686
7176
2556
2908
14257
8827
2623
19748
15972
17669
13749
18652
13182
16097
18100
13768
12325
2941
17880
11980
17298
15523
9040
2829
19711
7434
10674
9734
15446
5943
18264
47
14163
402
5109
18562
13239
1741
9894
13004
12224
18704
7809
16340
5065
5180
2065
19621
2395
14458
6334
15315
6665
1857
5551
8909
17381
10264
11603
9970
10747
7891
16140
9175
16024
9065
6303
8282
8715
17701
7652
466
1014
18020
4856
13255
7251
12798
9298
11621
2479
18643
13929
16199
5998
9530
13193
1903
19961
12171
451
3768
15827
17323
17126
11984
15976
16485
9754
7763
13711
8356
14729
672
4118
15927
12839
7896
14722
12999
720
9572
15254
7569
18508
17646
15060
13576
8677
5644
3923
8306
2394
18412
1934
13049
7224
13628
16037
18604
8630
18546
19030
2839
17350
12510
917
10068
12629
19798
5707
12104
13025
7686
576
3676
16099
3813
1436
14178
15670
7595
14980
15881
1227
3975
9125
8413
12052
92
4213
930
19465
16720
14036
8394
4652
12102
15199
8365
19963
12354
18718
4781
19208
5535
1210
16652
10679
9855
7940
11143
14588
17287
389
8217
17445
8241
12138
16884
8959
1440
10138
2110
16880
17488
18345
11827
12463
422
6356
2514
15372
16561
2625
18736
10438
10046
16286
6978
2985
15946
743
1186
7991
3692
3697
11961
17229
12056
6676
5541
18159
3198
9805
6413
2379
18933
18955
1529
2561
3274
17576
1987
8004
6019
17691
19009
18496
13476
2702
12358
17804
18765
4705
4214
1011
13774
8945
16714
15300
16017
7605
2305
16947
11583
2402
5463
4806
17029
19424
19456
10316
11156
14140
12546
1640
16178
6348
8094
1017
13384
2869
14609
3355
19041
3150
15534
18956
2522
2355
18560
8539
4973
14856
6664
932
5148
19124
5318
8481
8420
14058
4568
12058
18440
1952
34
19563
16527
5355
18118
205
15862
7865
6064
2895
18576
11892
913
2911
5186
7804
2190
11782
8852
13629
14005
13803
3235
11651
10222
5202
10298
7274
7107
5749
16112
6105
2144
6728
13610
16533
6879
11776
3657
565
17710
6172
1612
4351
6152
3809
2957
7049
13943
16842
9512
13394
8919
15815
16535
4959
13272
4466
9990
11959
5443
12740
2551
16184
8899
11369
19598
15836
6642
3924
9281
5486
9898
8174
18925
9106
7952
8265
3704
3478
1697
14645
15626
16403
11425
16584
453
4473
1326
8777
17288
4061
11220
3526
11450
18922
7662
3328
4007
11320
253
13852
17479
8792
14322
13921
17477
15444
16769
19114
5718
12618
5126
13598
16999
10642
9005
5283
10691
10534
126
17552
3160
3881
4855
5923
13763
4019
9602
12331
3423
11629
6524
4148
10196
6279
19585
16937
18717
1105
10197
5446
7254
18983
6081
19615
9458
4046
7788
2351
3079
3267
7174
2015
11732
19929
2864
4164
4743
2062
10124
10300
17852
6712
6888
6233
11939
10302
4782
4508
7210
2258
10009
2822
14402
9390
10569
3238
6621
17555
6607
12297
117
12659
19330
4441
19816
5982
13235
12444
3476
14954
12933
10443
16495
5797
14817
19261
2669
5087
3474
6834
4858
6202
15119
12326
6976
12149
9932
15857
7211
10262
11210
9000
4178
7453
4828
1520
19251
4983
12459
13270
8664
2089
18705
1285
10863
6
14364
4735
3162
4244
4952
16555
1255
12362
2681
13766
15174
14750
11191
18403
7961
1449
10122
10850
10315
9077
11592
8582
7554
10988
5293
11835
18617
17916
13201
9296
17878
3543
5497
7179
10024
11942
13250
7751
18869
4215
3411
19139
13138
10111
11819
461
10130
7563
11275
18497
5259
10462
9210
2820
18600
6929
15928
12619
2577
1816
16593
14618
14643
13188
6710
11059
1482
7758
13661
8254
19686
14538
16200
616
12635
1149
15270
7207
5776
18243
5455
537
10015
5071
783
16458
18163
7509
3289
19709
15042
19371
9129
9464
6316
5654
15187
1102
10159
3046
9598
18059
2906
11439
9485
4993
17022
17240
53
12972
5891
10883
17777
8943
15094
10242
6007
7291
4195
1744
18608
6487
4493
6931
454
5862
1060
15838
16291
18987
7798
8917
2984
6662
250
19803
13910
5219
6181
1609
16599
7369
18162
13483
3989
2288
10317
3877
13450
15833
15890
5210
7168
19817
16757
6805
1762
15954
10928
15064
7943
18971
9409
15296
11338
17553
2385
14100
16760
10514
12151
16952
16617
10376
6375
2620
349
2668
10785
7267
17139
10089
17120
1309
14881
6940
3006
19782
17220
6247
1055
9499
141
16133
3932
9951
16835
14019
1245
8468
11897
5006
13008
617
16488
10352
16879
16007
17413
12188
12257
11215
15731
24
4662
10678
8861
2301
815
17848
3493
876
18867
12529
5360
2335
6091
11374
6576
14663
19983
11721
9758
13668
10475
3473
13605
851
8874
17086
5729
7053
8866
11297
18732
2523
9713
17089
3954
9681
4839
6655
13127
15699
3964
17594
13158
2244
6814
4927
17296
647
16571
1364
9183
603
5461
17279
13739
692
14977
10601
918
6840
13660
14720
10568
18673
5937
9167
15150
16984
4320
19990
477
1650
19646
11008
11163
229
9170
5626
1715
15898
1852
11523
17556
19145
7499
8689
16974
2699
6384
8051
3868
13544
13467
16819
7459
11544
3237
18310
6724
2772
2363
6817
1063
4715
14759
15002
12734
18888
17481
975
10326
9659
6692
3402
7536
1212
1536
4066
3857
7144
15404
15235
19629
13264
11279
2432
4220
4217
14038
303
1522
16543
15835
7898
13575
13431
1894
10170
8784
2544
11276
14355
12522
10405
4382
7544
17618
17280
7591
10711
12336
15410
12449
16290
9656
11280
11067
14198
13625
5226
4521
157
7800
10088
17155
13256
8718
4889
14164
3970
13859
1975
9469
7356
8008
2949
14989
8465
14685
14029
13934
15249
12657
17915
19103
17926
7845
2314
111
17899
6273
18431
7844
4969
7638
6352
6674
12935
11601
17532
2262
9020
19988
7945
6766
5292
16678
10989
9694
19627
7524
14304
7214
1481
14516
13989
2845
18334
15651
4356
4904
3112
5577
2140
7054
3708
12731
8835
9843
15019
154
16955
14933
13547
10849
12272
6365
8406
19638
9953
4641
1404
8216
18675
3280
4321
18106
15870
3444
15043
14642
16625
11642
9885
1499
15460
4448
16517
8543
6934
6146
6347
15099
5223
14181
1775
3362
8439
705
8350
5418
2059
926
12561
17077
8375
9590
17341
16605
12242
2616
1603
11214
3463
1088
19203
3068
19408
9596
7352
13289
6421
14632
7368
18115
1247
17007
17113
6458
5822
10486
10310
18008
14944
4327
8208
4328
12941
8067
1369
10943
4069
8248
8402
18391
9888
18853
4744
14468
1278
15786
17849
17867
5564
4968
8089
1137
10025
19589
11379
14175
11081
16449
15313
5545
13082
12607
18861
6004
9248
15307
12501
5436
91
2247
4852
16176
4485
1113
7186
7129
3579
4595
16969
12498
7766
9612
10941
521
17227
15830
17356
16970
10925
13446
9155
16794
12349
19523
1069
13634
3035
758
8523
9478
9789
11975
9918
11036
12445
4208
296
19626
18890
14845
14026
6666
16014
2812
14376
15513
9411
3499
9635
14121
16341
1401
12848
8314
1663
6795
14318
19257
14531
14995
5763
15733
363
16717
18554
2234
8082
15605
9262
8083
5968
17656
3188
14260
19207
9703
8491
13398
16204
4786
6231
8923
19382
11779
17854
16442
13286
11155
929
6538
11113
5160
15780
4395
3050
4050
3041
13295
17260
13555
12797
10741
240
2071
8661
2518
14801
11057
11386
2180
18293
17600
6536
884
13184
10473
3934
6513
13223
13059
4256
9788
4030
15844
10448
9013
3951
18943
16848
12280
13317
3997
3106
2554
5798
15776
1081
16245
2163
6051
18272
18759
1112
12856
19129
16916
13952
18893
17307
16405
10753
7406
1298
9319
17630
3690
11478
13552
2103
7959
5175
3717
15874
14002
10577
9200
9356
4153
14034
16954
12392
15705
697
11060
16012
17262
8564
16534
16600
11579
751
8105
3632
174
7492
14940
9567
6262
76
11482
10301
1668
7225
10868
9581
9363
8114
9698
17159
2167
13470
16668
6685
2844
13718
14416
9342
18548
13773
14949
11864
5837
4922
19388
16878
15449
19602
623
17156
11920
6634
18082
15105
14767
3995
15640
11751
104
12955
8086
13729
9709
17827
8377
17758
2337
5786
6745
10341
536
4292
718
9559
3791
5167
17721
4135
4443
5100
17953
4132
18981
17498
2748
2955
19021
1564
10594
10029
10671
3606
7540
16673
5179
19533
2813
15746
5906
16241
3812
6744
9054
17836
11575
13862
6252
16804
5195
6939
12039
9497
1595
5398
7981
18820
1671
16711
5987
1638
14172
11322
15565
8975
18555
6127
17888
7612
4920
7260
15829
984
4840
19418
14415
9295
9783
14094
18556
19663
17654
17911
12393
11772
2263
18269
1580
14652
7247
17370
10200
16324
10731
19156
16640
19641
8170
10105
1038
10655
19401
21
2671
15934
9042
10967
10825
16608
6896
16501
10226
2292
15140
18553
17663
6184
11508
18513
18624
19430
13493
12616
13368
2552
5762
10411
10322
846
2125
13167
4686
4133
14045
13559
6633
8269
9260
15316
14367
9344
9022
11116
5773
8762
16712
4607
4870
17082
4921
1333
12660
13948
10815
10278
895
14676
13879
15065
16679
15924
5747
11246
18169
12937
12239
19808
14971
19360
11514
16821
6841
14875
13502
17409
18672
10791
17806
8503
8112
6122
3784
8671
10032
12506
16786
9526
2646
2400
18442
12884
18706
2259
18791
1959
14850
8294
4229
9655
11999
17122
16382
7992
16125
12589
10484
12525
14069
18348
18471
2818
8558
19775
1750
3468
4232
17605
9493
6009
11950
9945
16401
4971
13241
17831
5490
16923
17978
9623
12532
17146
4918
10602
19042
19118
13895
10408
6448
17344
4353
3560
17147
768
12279
10570
10508
7455
15071
7705
15025
19018
14049
4154
14271
6595
9305
17468
11018
1308
19907
4279
12944
2875
19372
8363
15644
6111
15447
10796
18079
15859
8581
10189
9886
2425
8607
16979
19807
471
16530
17107
161
18491
4295
7935
7877
2512
848
17760
766
2378
1700
3745
10772
4819
3696
2884
13818
6360
12500
8586
7325
4250
4476
12544
3541
7598
2803
17484
18559
6048
3865
1777
9265
7667
12318
14227
13582
1289
8868
10480
16296
4423
4649
3064
7497
11217
6873
5886
2632
9193
16665
1331
6021
7490
8837
15530
15089
1758
19366
6489
16317
11624
15884
1288
18974
1621
9780
12295
11906
5910
3559
14786
3222
7588
12329
2597
4490
12696
15752
13198
16647
4504
8825
10794
14381
15381
6135
10882
8639
12442
1907
12680
11916
15428
6080
13714
1786
10547
14837
9279
19198
13604
4333
16360
12403
14715
11232
15126
15660
8687
6168
994
16463
3388
4899
16440
6123
18724
13744
7725
4829
1230
14898
1300
16493
4970
15765
17078
5010
15652
8870
13220
4790
11998
15469
13258
9522
2166
15414
11639
1736
2849
6169
7064
3147
18866
1184
11216
7855
3033
8100
16567
5510
7792
19469
4700
6826
18091
19141
13248
6129
11183
5192
13541
15790
3814
11957
9759
13542
6369
13827
15895
2381
17982
238
14965
7181
5327
19600
9986
16310
5024
11714
16439
12597
3014
14228
10776
19712
14847
11958
12292
19905
3601
13565
18061
3137
5710
242
10799
10195
18105
11212
10956
6385
19038
495
1139
3487
1947
3171
10805
15778
11404
18382
17088
18074
4305
18864
18283
15532
13340
9595
8467
9389
4491
753
7960
1387
7294
452
2119
5243
6474
17802
17566
15137
11909
3573
10075
6141
5213
5063
16189
6131
19380
7866
16433
7858
6154
12647
17114
3142
13347
4461
16132
17200
4120
3323
8550
9096
17352
19617
12623
17071
2291
6464
9994
15131
8744
8052
18803
3548
15646
14679
1322
10308
16802
8521
1434
3169
18842
394
19624
12048
10321
9306
8367
15569
9438
14520
17757
17730
11053
5586
12400
3602
6881
15320
957
18848
12730
17338
19478
7097
13119
12229
12745
13200
11247
8883
18113
15854
17894
16214
11125
19084
13644
15609
18626
5155
739
14962
2090
1483
19028
5594
6979
336
3076
15945
5892
8144
18117
1824
7714
7402
12298
7412
293
16810
1453
17707
10384
19325
16249
9553
11310
13186
3039
10916
6341
3351
443
2658
6030
12682
12168
8068
16846
11844
5882
17845
3853
3305
8740
19258
13848
8062
13050
2237
11824
2739
2406
13375
15814
7265
18222
18142
14758
16968
19902
11747
19395
17681
6534
15804
15748
14046
12153
12244
9810
1512
432
16020
2312
11118
14219
374
12651
17452
4821
2371
14382
15579
9098
13213
9761
13950
18275
14362
15227
1653
9699
16646
19867
18926
11438
11840
1868
15000
12330
16013
14238
16257
7864
13980
19426
12028
931
13688
11663
19468
769
2526
16622
1420
233
8966
16372
10610
18050
10790
12024
5948
15029
4905
5802
7771
16146
10370
4539
18660
94
16088
13336
9082
3257
9232
4158
16243
2339
14134
7099
10093
9897
15330
11620
5558
2087
18695
10584
6096
9620
9922
5664
12196
6067
7076
4573
8936
13263
2299
487
2315
18365
19845
18394
8696
7645
10922
7719
2961
1706
3900
6985
15052
16046
2485
2781
19229
19410
16455
14732
16653
2893
7370
10077
13093
8181
19619
13373
543
745
14054
15225
11088
510
1099
14387
6690
10203
77
16031
3525
4967
393
15359
1474
663
1701
15682
5783
12878
1661
9697
2429
6535
1272
18645
7979
5748
14761
10784
139
18134
9191
13408
3540
15218
11696
13349
9118
10727
11513
10297
29
12988
4140
13703
4949
16201
6361
10366
2008
5858
11734
7808
7338
11130
13520
1180
4732
18986
13485
16229
2276
11502
13875
15237
15396
15498
14105
15191
2201
6090
10211
8652
14942
17128
15643
17517
8580
1262
8873
17909
13663
9068
18435
15371
10880
3928
4026
15598
13715
332
18184
9050
17526
11045
10371
13556
3883
9685
6541
5034
10632
6736
18474
13765
4159
6714
6322
213
15179
10502
959
3300
11139
11259
3796
11648
17601
7216
7932
2515
12679
4804
16693
11803
19214
14326
15843
18337
5851
15590
2281
6462
10339
5971
10857
6558
15392
5092
5771
14477
17770
19860
9133
736
2634
10824
6337
7222
6205
14710
17177
3099
5487
15751
18271
18070
18904
10303
1622
17940
8038
3948
733
14844
10918
3752
15986
6600
11997
19326
17571
7757
7899
9285
4520
7259
1838
10171
18963
5609
16540
6702
18757
14096
10752
19647
15038
1748
5844
17536
2401
13728
19899
15639
6069
1759
3060
1291
17965
14975
15230
8132
6991
12987
7298
16124
4937
3501
6219
13233
18502
11382
14048
5229
17964
3059
19793
8999
12493
18840
13116
4540
16820
10719
12724
5821
12874
18493
15799
9753
1443
3007
19818
7293
10314
1280
6890
8207
10013
17066
15637
14646
8057
8894
8003
1885
16490
18503
32
9903
7922
10287
14751
3698
1956
10134
1639
17614
11770
19076
7967
3229
10221
5673
10127
8036
17838
1861
4379
10177
15544
11548
14474
7953
8881
19247
17408
8991
3151
12897
22
4792
8280
7831
686
12207
6134
7118
11888
729
9649
7934
18171
17142
13540
15632
1027
9247
8964
5149
18950
4503
569
11202
5361
6944
16115
578
12859
6453
15966
5713
19962
5859
8647
16001
11665
8529
11559
14430
18025
2694
3252
17199
10497
7277
2709
14524
10495
9853
2682
1412
2453
17533
1390
15624
9519
6572
8915
18536
13946
19969
13511
7248
11476
6695
16996
15183
6432
18898
11702
14945
11802
6446
5820
16595
7273
16260
4888
8167
17033
13495
4297
7861
11021
12736
8595
9749
14727
2591
3862
3424
4882
2534
11388
11411
16741
9018
368
6089
13759
3765
11700
15472
2654
12282
15673
507
3464
74
2729
13363
10526
18148
10607
3054
6253
19616
6627
7000
10194
19184
14165
1433
12482
12854
12288
18323
13922
5217
3766
5608
12886
3357
6497
4098
17257
834
18207
12125
13608
3012
7252
18468
2954
5454
14003
11545
9807
11669
4341
3788
15233
3782
8319
14658
942
8541
19352
941
10091
5852
11626
6222
15408
14232
2391
5768
9089
15095
17824
3101
2727
18465
10155
277
3405
1313
6486
17131
11277
14197
19777
8540
11562
3666
4542
4049
11311
13884
13372
14236
9139
5110
5578
558
19539
18450
12612
7183
16183
50
7417
5353
7148
10630
3296
9058
15760
7608
13679
9177
19768
16894
2067
8303
13507
12340
4994
4930
1339
19893
7156
8134
15426
19901
1378
8980
1062
3842
11547
44
5113
18984
7622
5699
9217
18180
17711
12737
7109
8273
10831
667
14067
4893
7577
17168
11878
7677
18900
14221
10023
64
11733
18663
9173
10140
4484
8353
3764
8129
2200
7557
14689
11305
4309
10697
299
15264
9636
6277
5726
15262
3058
4795
4354
13700
10689
10081
17245
4664
19483
13305
14336
13870
18721
11605
16987
3618
10243
14836
2074
17550
11023
11879
2027
8714
9416
1613
13009
15171
9474
6852
3640
19767
7317
3901
699
10369
5082
13321
11026
10270
10040
13104
2696
7241
13463
6857
3919
13354
1729
17623
8996
2675
12126
10696
9188
11842
3973
17340
11330
7606
4954
10715
6304
19669
4847
17609
15904
7359
7003
4536
17998
12411
17871
12843
2983
18875
19978
4102
1770
2768
18927
18593
13992
99
8362
9509
8929
6750
17103
18223
1101
2313
12719
15347
5017
1673
4988
12474
15489
2238
16042
9282
1115
19707
15024
13699
2549
12070
13124
7384
11093
10027
6207
11211
4541
10071
6266
3867
4687
8602
317
10629
6771
19524
4834
5273
18267
9014
17175
3394
14848
10992
28
11406
16825
19322
6567
19053
12787
11172
11868
673
18632
17773
19516
19173
2994
4793
15955
19212
18322
17904
9025
9290
977
1767
2679
7720
420
9941
17781
1927
13900
10133
1928
4370
12744
12973
14515
19488
15577
9833
16154
6610
8440
17463
4775
19894
6276
4247
7749
237
11308
4235
5522
2718
13449
13396
2342
4942
12294
10031
13312
14806
2340
18915
7327
12308
6675
2041
14075
6290
3406
8163
10157
11239
9766
3395
15407
5388
13096
522
3451
11709
16483
14994
18445
2496
9785
10953
15144
1367
15981
19660
14485
16108
11426
17951
19149
19919
15260
619
15149
16592
16729
18771
10052
10800
8214
14429
13526
15138
17044
4236
8116
8869
12992
988
14007
5993
11010
1178
19154
6952
7235
5242
17957
14511
8911
6887
7508
7709
15244
7913
11348
13844
5806
18816
2421
15636
14628
3530
15512
18698
1756
5233
3755
8887
18603
9712
11356
2962
14329
14095
2756
12676
14348
14149
19809
15985
505
4510
10688
15034
6299
5382
9016
10207
7433
14068
3483
17713
15969
17975
6629
4189
18307
17732
16628
3898
18980
14633
15700
13554
14576
14984
13698
12265
5803
8843
5999
13734
3503
10944
3311
1699
12328
7228
302
18102
13866
11289
7377
8526
17419
14091
4402
17573
12613
2652
16911
16312
1839
17797
14497
18998
14360
18490
2131
19019
4431
18844
11452
16152
14951
14990
1147
16180
18192
17528
5420
11581
476
17575
12072
19583
13126
6443
13817
16792
1571
6409
1209
2858
170
7550
2960
4887
12538
19561
12939
10343
10937
18702
19503
166
17115
18298
575
11718
12057
13793
6636
5261
16888
5512
7887
9622
3650
8390
17919
5129
2596
17327
12611
12123
9028
9033
2649
6452
17390
17215
7675
5620
4758
3612
18104
4307
2361
11612
15761
8813
968
311
16177
10374
10193
12121
7371
6949
17067
18679
6238
7185
5872
10470
1451
17406
9798
19778
13346
14295
714
17589
288
11226
3774
11723
2936
25
17569
7650
15049
11401
16345
13079
11741
5459
2732
11251
10866
5909
4202
13953
12592
17160
17483
18197
4298
13602
14913
6858
12578
16420
11973
3957
12338
6711
2152
8921
16282
12317
2780
12450
14303
12966
13815
17303
9423
17936
5520
304
5794
14153
18098
8191
16853
8926
15010
14179
13504
2678
19440
1281
3022
14315
3633
6793
18741
12161
11357
6951
6265
16186
12524
16379
18992
5478
9687
12461
17637
11448
1739
7646
3908
4669
10700
14892
3446
866
4683
13145
4398
6283
9244
18944
15621
6503
4035
13027
3207
13153
1656
426
8830
90
6641
17127
3286
1205
3417
2188
18409
1346
10680
1896
1781
10062
6451
6454
15784
2270
11769
13745
17491
11350
14020
15662
15707
6941
10344
9515
9929
19144
1518
8219
3811
15901
3408
14254
19783
6302
17935
14655
14853
6428
19336
16649
2796
11431
16211
10005
13199
10375
4285
14341
11244
4972
17164
15434
8902
17321
10076
4916
1259
16022
16067
17946
15146
19297
7704
10342
1938
19452
7904
9561
12624
11568
2295
15879
2684
6257
11262
3517
13046
13666
4532
660
5051
19784
14536
2600
18081
3623
17743
11339
13481
2870
6583
15130
15603
8300
940
9639
14877
7309
13338
15267
18711
1954
951
8892
3155
10476
8955
16361
15295
17173
2199
11552
10647
849
16213
1723
6864
10704
10580
2362
5807
11171
14009
19672
15370
2621
8910
2607
8404
3066
10214
18027
12426
8010
534
13376
5354
7198
4477
2265
17747
606
2603
10447
11756
19500
12967
4528
16636
9675
8084
9
1480
12817
14831
17514
18087
9388
8297
6374
10351
11946
16841
2123
15832
16035
4747
11755
19438
17472
13808
9239
11866
1503
10228
7233
15285
8536
9446
2078
19192
4183
12176
12254
814
6713
19856
2601
1354
8445
13618
18979
18566
1446
11332
19555
9869
14064
19631
9558
1953
13674
18030
16746
9580
1583
17148
1783
14543
11738
9981
9043
16239
5555
16363
18201
9455
4362
16572
10985
2278
18239
7380
15091
11500
1316
5320
16281
19811
15360
6678
342
18049
7754
16738
1022
8669
8971
17624
17543
9562
6796
2506
7962
17744
8552
2791
7552
19166
17814
7830
16365
14281
4368
16532
16904
3598
16252
8275
3480
14467
18040
9110
17886
4032
10236
17890
19694
18116
6740
9985
13561
9756
3642
18670
16051
9379
17535
5988
8033
7060
10595
9942
548
11252
8761
8488
1525
5715
1199
245
17470
16263
11967
12875
12871
12243
13203
10202
6773
13054
7154
19780
7619
3327
11865
9988
6036
4799
7341
6983
19280
12851
10952
10444
14496
15524
10574
13812
6313
7249
6087
18505
16719
10101
11863
18520
125
274
9081
13425
12850
3461
2127
17213
4622
14405
18125
2449
3659
17666
8768
4184
12570
2901
4169
9291
11931
4636
13260
2420
1669
15425
4763
17246
15553
7007
7684
6151
4388
2502
10249
18795
13163
18301
11459
163
7470
7410
6199
16868
12662
16084
5416
11038
4671
2158
8405
9937
9099
8636
4487
404
9366
6431
4145
15716
236
19365
18354
19706
1365
14921
5133
13427
18501
19259
9977
9775
16499
11441
12187
18849
16650
12368
6924
655
12644
11972
5792
105
8194
8522
14010
3778
16206
9973
18701
8879
6699
1657
17056
2102
5905
17037
17080
19945
2840
15941
7727
5946
15515
16408
10058
15015
6085
16921
14394
17171
1579
84
19959
17563
5938
7142
11887
7085
16223
10830
16814
17242
14316
6624
15202
1192
17024
14502
3431
530
19520
14292
19373
2683
6340
100
19379
13654
3108
14354
17534
15087
7977
10613
6532
16052
19498
15916
5239
17698
10795
19750
9228
14261
473
16492
6068
9640
840
7839
955
12037
18432
186
16227
14389
4096
3645
11666
2611
10079
6700
18364
13890
15721
12777
10665
11580
18938
4901
19958
19650
2801
11272
19771
19678
18596
14071
14168
14371
14620
10832
5735
17130
19211
16053
16411
7658
5056
16703
14463
12520
7034
6031
2303
6357
2025
6167
18254
19231
18641
9055
10675
1535
16412
4344
5836
787
14417
16045
8654
14180
17587
9047
14088
1211
4502
14377
17723
12738
1942
17021
10757
2488
18064
5600
13099
19719
219
14675
15672
5249
5724
15871
17334
3546
685
18402
1531
8379
4387
1268
5501
1830
16032
1694
11162
13909
18788
5288
12424
6720
2235
14230
13227
6646
5642
7184
9465
11703
7822
5278
17546
8846
5083
8198
8037
5630
8321
16275
15938
19202
3825
5889
8585
13277
11399
14469
3960
14824
19737
9242
7951
9883
10479
11105
6235
10346
15273
18157
12504
7021
764
15510
16075
5840
4935
19046
11256
13630
7015
1334
2435
3985
6914
18151
178
10888
11726
468
12636
19474
8767
12533
8022
18870
2126
15416
1460
13374
15103
13064
12004
16395
3551
4987
17830
10658
13308
14803
8126
1026
15284
8997
4408
19688
18009
12399
5297
10248
19542
18599
14671
3509
6957
5397
5815
14866
10453
15714
14380
15398
12541
5473
4584
9916
8452
13411
18000
1417
14471
939
16932
15893
19072
7477
11685
16447
6823
14505
10876
2802
841
16181
3136
6058
18088
10905
12386
18212
9359
15143
19657
12927
9362
6020
12003
7436
5627
3889
14185
16909
7125
14644
17046
650
4958
10638
12605
4841
270
4006
15561
12497
12218
15914
10489
15785
15685
19296
173
16103
1193
16167
2543
8359
3714
19760
16959
852
15282
14234
11243
19039
11777
8702
11846
12521
8570
12260
13136
1355
5383
15769
17863
18136
56
654
11052
11033
7458
7676
18198
19575
15684
11619
8739
7231
2489
18185
11565
10087
4031
17733
3754
13152
9382
15411
1822
2599
2076
14976
17231
2179
2390
10946
1958
14542
13997
14800
7777
17204
1623
281
3508
11671
13616
1250
14834
16131
9668
4581
2214
8289
3263
2118
9852
2297
6418
16305
12145
17922
8753
17398
4051
1870
9997
17087
11346
455
15373
14917
8243
13407
10567
5225
13892
2461
10889
16656
1796
2003
16727
7624
4290
4702
9757
10424
14145
10694
18062
5257
5009
14085
16852
14072
12237
17116
18680
11501
14841
10841
15864
4547
6024
9848
13051
17851
13999
392
8856
9671
13653
19298
7882
14001
14718
2430
9445
3584
8077
3903
2022
15749
10865
19190
14636
16518
18211
15452
2329
4802
2722
12519
10931
2195
227
573
14659
3504
12382
2423
16946
18928
19034
12732
11047
12517
13160
14365
9094
11994
5977
15965
427
5992
2156
13055
15877
7707
7697
2019
180
771
8684
19527
8233
14518
5449
6379
18568
11506
19405
12211
13150
5681
13269
6457
3896
4659
1215
10984
4255
10209
5898
14739
3727
14160
4511
10488
19695
2819
5222
12971
5172
15110
10859
8372
1789
3302
5599
1031
8141
8342
3753
2887
15074
670
12435
15711
4088
12093
8711
10603
4016
9308
15456
1427
12169
2215
19218
10383
11129
5204
4756
19157
11074
5235
16964
3
703
6291
11736
12165
19306
1464
11314
7695
15796
2898
19705
12818
2239
6359
355
14872
18181
4396
19341
18395
12883
16351
9740
6469
17791
7093
403
11489
1537
14963
3582
366
19217
19620
15336
9227
10564
11378
18769
9368
13112
16004
3662
13506
9218
10095
12962
18473
391
11871
10175
15102
13111
16737
16522
12908
6785
17882
13525
13797
7732
1414
5507
159
6426
4357
2480
9080
9498
14288
7774
8606
11825
12690
4946
7840
13007
14802
7914
3528
17495
15055
12779
13240
9297
10646
8384
2121
9689
17337
4060
19037
406
8547
3958
1096
19221
16782
1689
15902
4428
5183
15625
2553
14605
6754
8772
15032
19998
509
1361
7373
5757
12559
4086
5370
10169
16364
13919
9674
10521
14300
9952
13855
9829
19812
3061
16326
7651
13733
4119
14770
14714
903
5481
19682
5913
19428
5220
11486
19210
11764
8416
2475
12784
2463
346
19135
16971
5655
17987
5458
13696
19868
11340
1967
14983
13933
11849
1711
18647
143
9061
19338
18309
7323
6997
13579
11679
10309
10517
16552
3051
13850
7456
11979
7741
18940
6038
11881
17720
2139
19143
14344
2762
5582
535
18374
6414
13231
10996
13395
8749
16943
10509
10683
3998
9678
10022
11826
10392
11869
16583
16789
12071
4625
5641
8708
8993
19008
8537
12363
1798
5307
16050
2162
10143
8758
10903
13811
529
3038
16049
12346
2604
3094
9503
12800
407
716
15124
6318
18371
285
11299
10557
5926
14333
16334
412
9371
18149
6537
2311
18951
5328
19057
11876
6544
14205
9531
12754
5755
19493
14956
15027
801
14008
19409
2482
7005
16766
1239
19880
13570
7957
17317
7177
17209
3361
5368
16607
3080
1174
2443
7988
11983
13975
19708
12356
12320
15755
13783
218
14392
9700
863
2749
15085
12377
480
6622
15936
9624
608
7141
11352
12668
17267
348
7063
15953
1793
3785
144
925
18694
113
16787
16778
16586
3873
1948
8712
10677
6297
1690
8484
3626
10813
10422
14021
13146
4646
4585
15059
1557
13824
12201
8927
15710
11157
1150
16202
15173
10701
9207
10651
19446
7671
14861
18537
7187
5868
11511
2782
16689
9062
10112
14027
5571
9631
8839
9702
14815
18838
14053
12234
2094
16639
3849
14436
15152
8045
17685
9085
54
13518
2579
13393
15555
878
15151
15948
5643
10993
1546
8551
2418
14256
16311
7385
16791
601
3968
12508
14891
17937
4114
8461
16736
2367
992
1863
13228
3047
1203
2832
18153
4348
5311
4442
7655
19691
16362
1627
10072
2242
10973
3391
7811
4152
5957
19241
19381
5596
6136
12053
15466
12865
11337
2459
5025
17362
7520
9706
10137
16638
3845
15658
16801
11175
15309
2910
1732
18281
11135
7659
15793
3214
9380
10419
19790
132
10851
14280
928
6936
15324
6178
11055
18360
2546
11623
3072
9277
12891
1602
4358
19419
7876
5007
14985
129
12351
8188
18107
9335
6596
5945
6648
5670
1818
11971
6981
15547
5340
5966
19269
17846
10585
15169
1644
15865
864
18438
11687
13366
16292
7324
15007
14274
8519
8059
11463
5765
13837
8140
8731
4749
867
10730
11622
19285
18831
10289
19147
12842
1617
4381
383
7126
7288
7511
14910
204
19665
278
172
17084
9818
18297
12324
4530
10869
10358
6430
18767
8104
7474
15691
17591
6689
7400
18914
15907
6551
95
14195
7257
9205
16039
3902
11435
9662
12768
1957
3309
19185
13786
5185
13209
13251
8345
5438
8199
6118
8875
6159
14215
8058
9670
16069
11126
6491
12448
13053
3368
5818
7152
6052
15574
4812
8054
1360
3396
16818
11634
15406
2451
4332
3656
5460
13756
16780
9736
9737
10930
12397
4811
13110
18373
15872
3619
10935
14060
12614
3520
17214
18511
8584
687
3268
18773
18685
4447
9240
18390
5604
15390
3705
5207
15421
1078
11318
19485
13593
8263
2104
10525
13640
17183
3822
234
17700
16785
5308
6364
6757
16715
19852
14575
12118
12757
960
1034
2000
3380
4932
17602
5415
11618
4456
14050
18874
958
2181
12230
16961
5377
6638
7690
10224
11933
11086
12430
5861
6403
7463
8628
6249
7782
8810
1608
3720
3430
15915
12146
18071
8625
10080
4170
14112
4380
16658
17154
462
1463
7601
11029
13894
15504
13435
13192
17807
12549
924
7237
16226
5674
1439
7604
17421
19079
3741
9340
10233
15451
3231
16349
17059
18564
19011
5668
7346
8433
19466
5393
13388
15439
6483
18276
19127
2481
10871
16976
19848
16609
15628
1496
18975
4340
19995
4475
1921
18682
12491
9838
16694
12323
17942
3658
7180
11152
7157
810
3369
14805
4
4986
18993
11586
5068
19171
3258
5979
5980
13331
14462
637
7630
4824
16114
3823
4941
4291
5581
5057
15462
3070
1094
17489
17786
9944
3512
10482
8729
13854
14747
12073
19088
19550
16387
1989
18622
19482
5542
2213
8797
13460
4787
9219
3065
11483
15326
7718
13304
13982
494
5321
10334
12678
14611
17983
18335
3433
12767
12931
4072
8770
19358
14399
1738
19796
207
11719
2724
5601
2494
13757
39
16100
2448
7033
17020
2095
4817
1371
11512
14959
7519
15166
17377
3403
14903
17999
4533
18314
5832
10324
2283
1926
13902
3929
14052
16770
3400
2013
17289
1189
5903
1848
11617
17887
9824
1111
2586
15184
5767
8338
8631
7119
645
9928
4218
12006
19260
16224
6232
4560
19423
10483
8967
9858
18854
9718
18
9870
15039
614
3036
750
14851
2811
3808
5719
3854
2582
17709
1918
13791
6130
19255
12778
15368
19538
19865
19610
15858
1884
1713
18535
1910
2862
16253
19402
6901
4301
14343
5154
17212
12726
18798
11737
7350
9161
16922
2562
12643
14012
12749
5741
2116
518
18610
6070
3316
1168
18907
7169
12074
1170
13978
19100
16283
14812
14252
3404
19975
7599
15429
807
19944
7238
3348
18538
11875
13798
14577
313
16268
5956
337
19486
8312
442
18174
8660
10561
12741
2389
6649
12158
13961
12917
674
18903
15467
9393
10152
5941
2642
7717
357
16272
4672
17686
7926
13342
1877
8125
19788
15631
3991
3279
12046
6400
15821
16529
14973
16389
13814
683
15170
6490
14235
18481
2659
13418
2557
11678
5462
2789
13458
1966
10320
14741
11991
11539
5099
16803
4117
17487
12025
19441
7958
10579
16451
12059
7481
19077
13016
16159
4226
17597
12023
18417
31
10950
17382
11455
16744
7535
10770
14374
5744
17249
5951
6438
13738
7429
16270
9812
12773
15209
861
10676
3639
14011
12481
12929
2882
17314
9701
3250
4492
17178
1523
9770
13172
17778
15229
9476
919
13176
8976
19938
4459
7679
18722
10184
14106
13037
1654
661
14740
6015
13762
14383
5176
15322
8864
5022
8074
11805
5123
8329
18613
185
1425
6780
17011
5350
14356
16764
4360
14760
18763
10407
13103
12487
5723
10892
18681
16063
15352
17628
15344
18349
9980
18789
8414
16813
3894
12217
2409
10225
6836
16030
13680
16963
10698
10457
3738
4405
6125
16569
17956
7842
18277
16688
2728
19052
5694
2785
5016
9087
13601
13490
4849
18700
10597
271
14581
16510
13496
14276
12573
18268
12311
7069
9676
7122
1924
11904
3465
10142
7628
5727
2836
14553
4134
3798
5182
18413
9911
875
18004
13523
2859
16977
19720
12694
17112
19728
9300
6849
19557
16991
5995
7560
17949
5209
15098
15964
17244
5440
15134
675
19090
19196
7488
18486
12090
8002
15101
17753
14031
5901
5173
19047
855
10797
5785
18715
19327
8213
13443
3950
17742
7136
16515
6895
16325
13276
17973
15834
4638
8257
10245
14189
12143
1
11727
1423
11092
6539
9673
14087
11154
3028
8335
13754
1964
3129
17930
18828
262
11396
6295
3832
7739
7498
4085
6617
1495
4639
10666
8576
19234
2187
14161
2945
8066
5690
14637
9003
2084
5431
13399
19119
3482
6327
2009
13687
13976
17590
14594
1568
14241
11918
5746
11528
4674
14526
12035
9537
10260
5811
17027
3828
18573
11146
17387
5543
15050
659
6584
9926
648
8020
15012
19890
10404
9314
19587
12225
16626
9863
12687
17085
2886
2004
13614
11494
5256
17897
12840
6056
12460
981
5607
18543
3049
17583
14924
9771
12421
10333
3291
10847
9576
3613
8914
13959
1385
5336
2904
12428
11809
13505
6658
19677
4064
13487
7613
6933
19499
12671
18060
7393
12836
7740
14701
2745
17331
10738
18320
15767
13665
3432
9127
11324
13845
15851
2657
4268
11136
8344
574
4710
18500
16851
17907
14439
2170
997
12236
9263
14527
6017
11856
13881
16293
11075
1624
16185
9705
9742
1561
6927
3435
3298
14922
11763
10709
12622
13348
1119
14006
577
458
5554
13448
4612
11546
13106
13655
6731
12417
17197
11695
14428
14733
15008
12262
5120
7626
14391
18836
2352
1505
4746
11436
409
6323
7376
2767
9643
8546
9679
17530
6214
7539
7592
6493
19489
4338
291
3307
3519
7415
6718
10976
1156
17683
18221
4166
14943
12959
18912
3887
14680
13094
8849
14929
14272
6820
8203
1769
13713
12921
12339
19976
4322
6156
8704
13621
4837
11170
4277
19926
6620
10161
10353
4052
4830
5295
3375
6494
15783
13572
6683
4324
13979
8650
2588
14558
7789
9424
18179
11932
2222
7889
2665
6716
8016
2570
13137
5595
9439
11284
8913
13550
10589
10686
9518
13560
17414
7450
9456
8675
2935
9323
19093
8884
19289
6282
7602
8674
12080
5128
2198
2282
1037
2115
1342
19529
16248
3940
7100
9215
14442
14173
11487
13678
12969
13367
10020
2220
14858
9976
18692
5374
14623
6050
13024
6435
6268
2685
14287
14455
6216
11460
8499
5743
18433
7745
17333
13414
13031
19871
15277
19315
12729
14080
266
802
12762
9315
3892
13939
11647
2967
11046
18637
8291
4157
10924
4416
7573
11420
7627
18410
11230
4853
2837
13068
14672
9333
11673
8755
1236
7942
10487
8962
16962
14204
15314
3899
15431
18881
3088
5816
13173
7114
18218
19997
19378
5188
6416
665
9358
13083
2763
17502
6309
3364
5974
12321
10515
13222
4432
14670
18055
7835
5230
11488
3284
8017
15690
3173
13155
2571
8948
14619
3015
19151
12113
1010
7363
1407
5145
18261
19284
8946
13677
16061
7826
5893
7389
13237
301
16929
19200
10033
2889
5890
15750
12383
1320
19128
7818
5934
11810
14783
18129
13893
19903
14142
421
13805
11363
18150
17703
4964
18882
18619
13694
4233
5513
5066
7062
2168
9444
318
15036
6243
4617
14911
15069
2517
17190
19193
16920
11799
5547
4444
14277
6630
4352
11119
16348
3324
16153
187
3838
6224
8050
12769
7374
17883
4445
5790
19633
12371
4394
7427
15412
1372
5917
4038
83
9743
19197
15852
18699
18778
8944
18321
15856
16858
9437
3266
11083
13778
11895
8073
3449
2719
17439
19227
12752
13564
7178
14306
1290
8108
8429
14702
3293
12942
1589
15445
18878
16816
3574
11988
5348
13925
13787
17391
11778
6221
17290
14464
18557
7065
15961
9352
4923
9447
7348
618
1991
1202
8950
10274
5494
17121
11722
11664
10535
10586
2899
11295
18650
12552
4411
16019
5685
12000
18811
18651
4091
4823
6393
5452
6198
854
15897
12954
11458
8264
3251
2064
8617
16512
10940
17069
3089
1649
135
10056
4750
7441
19058
10578
14324
5402
2708
11233
8566
18487
17492
12606
7694
2663
4303
7153
1556
18333
14525
19877
15839
6508
5688
1534
17626
10933
1052
9923
475
896
6737
17237
15028
3056
3733
17688
4807
9337
748
4281
18561
3005
448
5428
8485
18292
4631
8142
13510
16005
14893
5437
8490
18799
19316
12603
17224
5569
17144
7742
2576
17858
16203
18809
9969
19461
3836
15949
13781
7587
12195
5722
18132
18921
6107
78
16556
16546
15583
12890
13991
16570
10281
10398
2165
17239
14935
4509
19186
15645
8760
3219
6408
9142
9174
1172
12381
9666
6758
18215
5424
13218
2530
5260
14862
13314
12103
13764
2992
12910
4280
19283
3855
16000
16302
18338
18839
4739
11543
17677
12862
19012
10760
12094
8039
18228
1286
3422
1540
19824
3290
1721
13858
19932
14938
7603
9404
10548
3109
2567
15686
14507
15823
17811
2866
18143
13169
3301
6822
5883
7420
7711
3489
2674
14595
3817
2807
18423
7175
7209
5770
18762
3382
6395
16507
26
14196
4517
14640
11263
15479
881
13557
3245
14678
5949
15337
4575
12709
6440
3578
15351
7998
14245
13498
8438
9316
14056
16358
3723
13352
10382
1983
1352
4129
15258
908
10774
4028
16400
9299
17273
6143
2609
1222
3963
18332
3261
10739
12017
16948
405
19099
8979
4097
8186
15161
7319
15378
3177
8985
10092
15357
3735
5930
1426
5300
6437
8956
8315
2075
5800
7734
6669
1005
6225
6179
8876
4764
15113
137
7629
8619
17826
14931
7949
6405
18177
17379
9876
8455
808
3879
18251
16892
14523
5961
7378
17775
9577
6687
17169
4299
14555
10520
13873
3216
4044
3944
3100
155
15824
2210
3577
12241
1501
13060
11474
19749
18738
5049
8060
10365
482
10386
19930
10722
13225
6606
14491
9599
12055
14014
3758
2017
14078
16237
9804
7593
17706
1396
18746
10396
19505
1558
16322
15963
7698
14978
18031
6783
3886
10003
6656
297
17992
2938
3353
3827
1567
12998
14716
8854
10132
9092
14634
6044
283
2944
3819
3587
7440
1702
4389
13473
5178
10355
17205
12099
4550
16222
629
18830
8250
19552
11531
627
7600
8922
19413
11222
7493
16446
3654
11716
10173
14734
1705
5467
474
4123
8093
8120
17351
11587
2788
11364
10059
13333
6672
14437
18235
19267
10616
7923
598
12137
2922
691
10593
7700
9284
15666
7936
2850
740
1489
5221
17329
209
17690
7721
13936
1647
3143
17293
1153
2736
17551
1827
836
3455
4080
12792
7200
3030
19864
5241
1179
14955
16271
1722
5445
18047
16173
15192
9963
5860
15909
8969
16336
18003
14656
3326
13996
18703
7244
2540
4227
15132
12112
14551
19574
9336
8722
19334
15484
11710
3287
12812
732
15593
6874
14030
13670
4199
19622
2656
6500
2441
17518
16195
12413
8245
9452
18489
13771
1566
4578
13020
4997
2100
8509
2499
18550
3189
7201
9539
6029
12819
15925
7313
9565
6790
6116
2023
13503
12628
4868
13889
11398
3008
9569
1982
13362
18284
630
9347
19802
4838
11271
2176
9868
13638
5751
4962
8517
1592
9882
11228
8026
1438
1466
4335
3804
11515
18653
581
6900
4712
15538
8788
13706
10744
17096
17400
13656
14503
12394
5701
7950
10037
9417
9846
19606
15727
18026
10893
14200
197
12523
9813
16762
18973
9633
12831
10254
7759
12248
4832
2622
1200
8122
9884
17476
15478
11145
14567
15399
38
8649
16477
8370
14448
11590
14539
5517
8478
9663
6708
15348
11345
17063
2924
744
1108
9064
4640
11274
5004
2947
16707
10842
9473
8272
10413
16331
8803
12246
13432
17304
12898
7419
3107
14345
18787
7047
4103
5553
4913
1913
10737
1754
6336
1296
19226
2399
1539
12115
16722
13334
7301
3744
6507
88
12518
352
19675
17608
5618
1646
13102
10185
11689
11789
9528
19594
18532
4896
15979
11429
70
15317
7765
17198
6237
8343
7596
6988
17058
10372
17861
10659
10399
16579
17270
3163
2673
14190
677
5413
8031
14641
14359
8954
3260
16113
5531
18985
13785
18905
12067
8978
18835
544
7029
737
16074
5358
3846
14479
18130
10381
7482
5897
9840
6162
2468
11009
7837
16978
16029
12086
13039
1923
3128
4618
19826
15495
4808
7731
1712
12210
8726
16992
5141
10432
9413
4094
16859
4141
9854
8209
14296
726
12574
19507
4168
5503
16735
18648
6420
13800
272
14950
255
9964
15511
19773
10954
17396
2112
19545
5560
19048
12920
18156
8686
8274
912
4374
10519
2825
18897
3156
5274
8123
14039
179
470
6703
19287
15070
7916
4796
12283
6270
1213
9396
3566
560
10176
3572
9153
3259
10667
12160
4666
15288
19732
9152
11645
3481
2705
585
15730
17110
17407
14662
5628
7194
17425
18598
5074
11245
18367
18449
4803
17404
13353
19886
7133
325
2723
16354
5576
17896
14808
3385
4024
14237
12888
3718
17974
10364
2081
1456
18273
9529
16468
1812
18233
9814
5867
16520
3135
17055
831
5544
898
6992
11185
15724
9861
6509
5070
2250
14022
19549
562
16104
572
9428
359
1336
14568
12232
16581
7084
19431
10232
15971
1594
18147
18735
5112
8228
14993
4071
2191
4163
3660
11609
4017
11757
2091
13035
15334
17182
18430
18475
5648
8180
16702
2752
4608
19246
9483
5912
6847
10518
14988
6905
19738
17426
3824
7057
11882
10158
16116
11140
6612
344
10400
10608
15208
15980
6573
14325
4209
6305
6705
10403
11302
11069
15679
14445
12692
3664
16129
1655
13404
17980
9746
2776
10144
2929
18737
10174
17745
15100
14665
8277
10328
11845
3230
4751
17216
2285
6956
14004
11265
18120
12005
9564
19107
3917
528
14769
6854
4848
14782
5884
17453
8246
755
5669
7096
4165
7127
3016
6586
3276
6723
11288
2217
11004
17252
3285
11873
9214
17689
4627
14397
371
2703
19950
12905
6994
12333
13935
19530
14598
1341
14886
18388
18194
11281
13546
18504
7648
14691
6223
1599
17210
7532
1400
5848
18451
10494
4720
11992
4210
10416
10028
1692
2473
15848
2706
10096
7537
19068
19274
17403
18850
19089
15226
1405
15683
4779
18781
1465
17365
13568
14541
3241
1224
8673
10065
18579
5660
17361
8648
6680
671
11287
18628
12858
1013
16397
5158
9891
797
14114
756
3830
3029
724
10288
14278
8965
9199
17462
10635
5029
12583
18161
4053
12335
15107
17102
18953
901
19954
6568
10939
19973
5476
6540
4073
3211
4427
4596
2232
16390
539
19586
16876
6743
3027
6311
11602
8743
503
15616
13799
12462
269
7476
11381
6868
18231
7558
15168
4629
10363
18863
4258
1683
12366
4224
8692
6619
11174
15535
6226
19920
11599
7445
10962
1881
2712
12936
18779
1645
8809
7138
16273
15067
2264
18052
16790
13915
2627
1637
1226
18006
5245
14453
6342
19344
3228
6819
8428
5417
12758
15201
2769
7797
3462
17166
5791
16748
2434
3688
1462
8818
3570
10945
15977
16982
6197
9605
1731
6109
962
12825
12945
17429
13318
6932
3053
5863
18386
11573
19368
18383
1719
19331
12751
5096
19700
16695
11485
10792
11913
2827
14212
1366
17664
16089
5885
883
14918
17475
16008
4654
8458
17752
12995
1067
10545
9268
7753
15993
13309
832
9711
784
2963
5683
8130
2169
11492
15591
6481
17005
17784
3588
14906
14835
1399
13775
12655
18527
6561
2641
9532
7240
4249
6830
3614
10541
8190
69
12704
17014
18892
9779
14902
3534
12221
18476
9817
3709
16457
5150
14226
19392
8642
9536
3344
3182
6149
4239
12746
4772
17054
16078
2697
16002
10965
7038
19286
11470
2610
4566
16983
15084
15275
5394
14766
15261
8155
16781
3996
14780
18948
2456
18480
7890
12192
19310
2558
1248
8482
8454
14057
5114
12783
16867
6113
1880
15529
2593
2178
19823
9850
14544
11418
4115
14015
14879
11676
17945
18747
12673
5464
7674
12447
3186
107
13471
18582
17684
1044
9686
17482
8152
11495
7986
10010
1127
2143
18173
19367
12253
191
6562
12304
5646
17821
7523
5589
15987
8480
10653
7699
14203
5276
17780
3507
13267
12204
4933
5045
9102
2550
10126
16329
15382
12909
14852
11635
12406
2454
12166
14119
16824
8317
12826
19024
6899
7025
14607
7043
17627
1976
14712
17211
3097
16890
13438
210
17251
8791
15935
17434
1419
4643
9839
10529
2980
11122
5282
19692
6727
527
12436
4778
10212
12542
5817
1171
17455
14667
14896
7852
17866
15040
2403
18484
4925
6328
10986
11199
19369
4873
13292
18368
13743
6422
7094
5170
1606
12402
13052
13063
6859
18461
18517
13860
7351
19167
10510
10807
5078
13521
18612
9385
19131
13351
6376
7692
1527
11774
17442
18770
17235
16062
1124
4100
11131
14960
3152
1146
7948
9160
10821
1577
5403
11814
12743
17158
10981
12178
639
12707
2433
9790
10332
5548
2817
14958
103
9769
7772
7738
18196
4319
13401
12471
1265
3288
531
10592
6301
4283
8905
11711
8668
11153
19951
13796
4754
8373
13249
382
9826
11677
4570
16419
14117
188
19349
16953
11657
9747
7306
8496
17353
11312
16854
16933
4176
14504
16945
17423
4055
1299
15299
1306
13001
14386
11851
6581
7611
14158
11206
19759
14144
8903
10434
18462
7166
19492
15944
6986
14476
7390
6681
2246
3990
7227
9286
10885
9392
18242
18191
7807
2135
15031
18919
19273
4105
1551
10335
7246
13846
5760
3443
9644
10553
3271
11421
15377
1935
15499
14908
390
19883
13849
15802
14814
3333
2760
1630
9893
19449
15224
10208
6546
17537
7728
5046
14735
11019
9967
9235
19459
4697
9334
17162
7199
17461
2484
2185
7525
18331
16687
10401
916
7567
12640
7894
6806
7773
8128
13076
7670
3992
3884
2637
8320
11743
18792
9443
11816
5227
13951
10368
17895
13573
3502
17081
5689
4314
16915
17839
16151
18152
3132
15810
15974
4144
1015
8805
17738
15531
2255
17818
3987
12091
13887
5429
13567
7009
4337
1553
1909
8721
15030
2290
18967
12100
1097
6882
5381
19106
12249
17931
11056
9254
12098
5519
5813
8886
19040
14032
6326
17893
9377
8510
1788
8238
2701
15811
5151
10103
18629
14475
4142
16997
6645
3172
16096
1850
12247
190
642
3956
3393
19439
5591
8470
17834
11120
15026
6456
11668
17151
11416
16043
1742
18385
10099
19960
10006
7669
15243
4342
2896
12163
19055
18285
3667
16028
15930
19891
4318
1008
10669
19447
4482
13026
5008
10066
18447
4707
12801
13142
1116
16392
6124
10198
1377
5972
8940
19676
16169
10045
14573
14366
1432
14604
8007
7195
13965
2030
4499
3539
19182
3087
4037
1911
142
17794
10817
11893
2101
2880
17841
5657
11253
16699
799
17769
11317
14107
6133
14572
4375
11927
16413
16276
14129
16098
3592
15125
17702
181
10327
17223
11048
4496
6212
7848
11929
9938
17294
17776
18299
13212
12418
16209
1559
12252
4699
7752
16623
14146
17636
10002
2592
3780
2320
9397
7885
12013
2223
1847
9048
17762
10923
10284
19027
18668
15018
9035
3292
9892
17737
16465
17030
15850
5483
15634
9195
14530
6240
1806
10840
14825
7616
9166
7918
6722
5134
10449
13494
519
4833
15374
19953
11608
3617
2271
9621
10265
15364
7701
1996
16170
2939
4366
2873
14622
4240
18407
12870
827
12030
15046
19742
13195
19317
12082
19303
3562
16856
6236
19637
2842
18255
10406
5933
10397
8557
10050
4978
16338
361
1141
13229
5659
7280
254
1157
5529
17905
12427
17817
19425
18259
17665
5965
18344
11701
7112
12911
14298
9266
1916
7473
8904
14860
2747
17578
9822
5742
17649
7930
18730
195
19736
10380
385
7397
14244
7663
14410
10793
16986
15607
8247
14565
7202
9830
19625
14624
15813
19567
5711
14220
604
4401
4336
11024
4572
3377
6866
175
19785
11681
18053
2275
19534
8358
3359
11857
5184
5714
9583
11400
2868
13479
4198
3699
10299
12759
10210
12558
1002
18793
14349
1632
5111
4282
13390
2531
1586
11342
14500
16261
7266
2219
10915
4681
5159
16
4606
11490
5401
18540
1799
9879
15741
17622
17632
12661
17513
8621
11532
11949
7358
18871
18347
17918
13804
10348
14736
15496
2688
3356
11667
15849
19165
4556
2677
5086
18306
8801
17765
3124
1797
3631
4984
2048
13202
3075
13752
15471
13387
4267
411
2105
12952
1801
17254
15668
12571
1323
6061
2636
9276
10979
4331
14433
19850
12385
18693
10919
12429
15117
5728
15984
1442
19972
12600
515
11585
9231
2440
290
9046
2902
13842
8555
7549
12369
16773
4418
15913
17672
13761
3840
16015
14055
4421
19745
15853
11331
10292
15280
11830
6590
15212
13986
12750
13569
18021
2721
11914
17025
17565
13254
4846
15550
6663
17960
14182
9834
657
14982
2816
6846
19829
14297
1905
10974
12359
7462
15180
10294
13810
14724
12970
19827
10913
3638
5302
14213
4494
5493
11266
1629
4695
5534
15563
9901
6319
11753
5102
15468
4111
3140
18899
17687
1169
14743
7928
13643
7337
19862
370
17436
1024
4264
3069
5439
4347
300
17525
18122
15617
14122
8469
1295
3679
12040
17855
18920
15358
15991
7382
18389
15822
13672
18846
5426
14821
2419
4902
15354
13742
8725
5769
13878
6650
6195
8336
10787
6935
6920
11121
15333
17306
5605
9466
3643
13537
2171
10699
2012
15016
7762
15458
9212
6097
6419
4965
12539
8072
14289
9051
6921
5465
16027
17729
13325
520
13806
17875
17837
11408
11989
14930
7349
1173
10219
3227
273
14124
9683
5847
9406
465
16225
14016
9325
11817
19855
2890
42
15464
4559
1444
1859
13669
10720
1900
15860
6897
492
6259
9719
4109
17180
18962
13876
6220
5316
1085
15014
16235
19518
9338
15933
10872
6332
418
721
1651
9544
6779
16590
4875
19054
19743
11149
6550
6643
18606
12795
11563
16436
11394
415
9847
9815
9587
4513
949
16836
45
868
13097
9726
7503
5032
16898
16136
2934
9820
4015
12478
5871
17045
8223
19362
13224
9001
11813
12440
16093
6668
8110
17629
17607
7220
3869
891
8189
11499
9731
15649
15141
19766
7001
826
15947
9008
5702
10532
5698
3113
14799
16577
18482
761
2680
10764
206
14537
16076
3641
5633
9744
3254
9317
5013
11796
14703
17031
4701
4480
8590
8588
9827
4211
3363
11614
14126
7582
17595
14286
6023
16130
6915
15308
18405
8260
11551
8417
6717
19122
14540
17798
19947
15238
2905
11329
1403
18492
9162
6465
17579
16721
14647
6171
16754
11937
13071
910
6839
1920
8222
18092
5990
4315
19912
17
4594
2031
12270
3711
18326
8357
12256
12219
6912
4273
18644
7791
19703
10958
11094
14559
9995
12867
7983
19249
7895
14093
6173
15917
8786
98
14169
9141
497
13339
15077
14614
701
7333
12563
10963
17074
13486
17325
19277
2952
7318
5915
4827
6335
10156
18176
1328
18753
1634
12344
16106
18529
3078
6631
15122
13741
14699
1402
8403
14259
7510
5044
6095
10192
5027
16472
1666
18744
6436
6053
2051
14674
2154
18790
1145
10389
8210
12226
9126
8766
19060
106
2396
7322
16627
19067
9021
18225
13323
3974
19288
11995
464
15957
4950
65
6686
13014
13681
1517
8787
11806
447
4181
7931
3407
8262
11921
9781
7091
9763
15943
16537
833
16901
17023
1549
9472
16726
5304
14583
15573
9312
5615
5876
13010
11739
3315
2751
18448
13121
9184
14868
11595
7530
4430
16370
8732
11209
6425
7556
16988
4001
6473
19175
1470
124
1494
792
8162
10237
13840
16539
5805
1242
12775
17670
19177
14395
17938
8614
16692
14999
2338
18304
19239
1376
17843
10565
6163
19746
5637
19417
5101
1871
14090
9124
298
18359
689
16090
15508
13379
10505
10980
18588
19653
15713
15521
2973
10049
532
2738
8924
18733
8304
19236
5870
19576
17755
1811
2711
2713
12994
14270
156
2761
9647
14912
2976
8309
14268
10693
3585
9931
16516
15418
165
12388
11353
8349
13517
15205
5359
5115
3013
5879
11225
9653
5920
18671
9776
7769
9908
1978
19480
1600
14602
19266
11061
12245
12893
18533
10267
4417
17196
19541
9966
3125
6984
16560
9786
11095
14828
4161
4065
16685
13828
7555
12989
14162
17253
2442
6667
8364
1343
19717
18043
14842
15424
19224
7282
16752
11349
17671
9057
16410
7501
10255
177
3220
19704
18110
18731
2088
8298
17819
4204
11375
5733
17984
9940
694
17906
9123
6269
7331
82
41
4866
5345
16398
367
14320
13472
15720
18124
4648
10109
8165
1054
9739
3646
3549
16192
2016
11534
4464
3835
4591
16683
1142
12033
18877
8288
989
8802
9418
2704
8423
18635
4185
2733
15920
3371
13911
14248
5038
7212
3389
14638
6605
2501
17910
10073
10506
9717
7483
7869
9280
5679
3581
12545
7683
364
14617
17150
5700
13081
1929
6517
2310
7281
19875
986
6300
5326
5453
12790
2830
5062
19108
5091
6242
17094
14258
9825
11707
8466
19942
4794
11567
19744
9925
19804
4692
15093
17856
8103
809
7367
13730
5502
5248
4495
9723
10806
15319
13296
12656
11529
11303
8775
11725
72
18078
15228
18038
16026
6286
17822
2377
10055
590
18524
12530
5275
18439
13998
416
8579
5902
5412
13599
3680
5069
19123
8193
19781
3648
2965
15231
11713
2648
12873
13903
18785
9327
3628
4469
8386
16509
16109
12357
5479
13098
7785
7312
12964
11911
13682
7448
8963
10430
18266
19209
10057
19238
871
4483
805
19519
18966
12177
15798
18518
16462
17098
3497
10331
8615
16101
14580
1329
3158
17497
4926
4632
13988
18989
2039
8154
7786
4128
19223
12649
1181
9074
16356
10465
360
7022
10084
12078
3506
10690
13516
10798
11762
4022
10712
275
13720
7279
11832
5942
9179
1803
12534
18740
486
16684
3713
19699
10743
741
7010
1678
11096
18126
4615
14177
10664
4113
3052
12404
9764
18995
5584
820
4308
17728
10097
7253
609
15437
7502
19169
591
972
4548
18426
839
18856
15283
2216
7564
7533
1773
1084
6444
3649
13370
9420
19432
1667
79
7081
19347
3576
9128
18460
19603
8339
6339
6804
10379
3663
10042
10994
6759
5634
10540
12881
18077
6647
16381
19548
10843
13913
9568
19318
5482
14818
15905
3484
11449
15719
5983
401
16335
18958
19059
12984
2194
7290
11786
9360
2916
16238
14987
17241
73
580
11231
10778
7637
1479
7823
18761
17316
8524
1370
14816
2594
9578
8113
6066
4522
19872
16432
14721
11461
17771
15762
12796
3600
12101
8528
6557
11102
1997
16461
1274
19509
12833
11031
9430
9339
16563
16616
12473
19120
14138
481
16591
9608
7307
12001
15803
19295
19918
12264
19839
5686
5166
6693
15675
10119
12419
2374
7635
5598
16981
2073
5347
6353
2612
14357
6691
4956
2040
15536
9086
2650
15491
7329
2833
5566
12350
842
2120
998
2296
8984
1033
3739
2035
1990
8
806
2189
541
11188
3306
8832
10536
3797
8877
9044
18547
6891
12877
12423
10454
11641
15779
6902
17891
4861
4449
16575
11841
17319
10875
14771
10970
2848
2372
1714
12446
12838
5093
11884
17795
9273
12290
17416
9258
15696
12586
11853
5324
122
5864
4182
9844
14224
666
3043
8928
13300
12216
4415
12475
4551
10750
12182
9554
11948
14726
1961
2175
6450
18421
9206
9457
18253
17145
18316
2714
9486
18246
4293
13424
13421
8310
5127
15356
10325
14284
14167
602
17312
4895
17963
3110
15265
14017
9500
12042
16967
19450
11574
14650
3955
13447
10740
9376
11823
18478
10275
19508
13311
17135
7693
3157
1267
17813
2326
19189
13092
9950
12441
3941
18539
3952
7342
19136
19570
9741
15623
5788
115
8728
7439
3810
9045
450
15868
9682
7515
3308
14302
4206
15952
13648
11839
2212
1276
12658
2695
10291
4465
12016
14456
2692
14888
398
886
15715
9714
19906
15017
14961
11505
13856
16893
1728
767
8177
16466
9012
2753
8860
16016
10188
1206
4604
18510
6760
8995
19321
10234
11444
4589
11740
18479
7654
1718
18167
3187
13409
6578
8046
19948
9484
1488
3916
16774
3438
2508
3535
7747
13041
13013
12820
19448
2333
7418
8018
17613
3399
15053
15232
12154
2364
13185
6885
4785
18949
2909
15366
1703
16513
512
17976
19383
388
15492
1244
17311
3971
18414
18416
4248
147
7145
8701
1506
3409
17697
13606
15556
17385
5810
4892
13755
2422
549
17123
3168
610
9996
10581
12535
11885
16375
16601
13581
18076
13851
1275
10661
9965
9860
19668
12823
6345
2343
19836
4289
8172
1687
6548
9504
8075
16828
5780
3208
18278
16847
13758
6615
6028
10463
4527
8327
6831
4082
18713
18930
8508
2589
9208
7685
10742
10
13189
4588
11627
1455
19595
7860
11780
19789
12770
12785
1831
10336
9241
5924
13857
2309
12540
18119
6346
10312
19754
11538
3236
1036
10250
12781
11686
16478
15302
17740
5208
19159
4345
11260
16531
11480
19866
7416
5119
1437
13834
17508
8527
11964
8205
15588
4497
15732
10229
3023
9448
16965
18873
7620
12068
15629
10733
17465
18249
3335
669
6246
7897
5866
9329
1235
2972
11883
18044
2689
15338
18521
1251
15438
15671
6910
12978
15427
4980
6380
16564
1829
7077
4403
18355
12502
15641
3445
12956
13897
17914
3341
7171
1507
19758
11424
14123
16072
4488
8916
631
14127
9201
2174
10537
4047
17511
13613
13942
13454
19614
888
6761
14904
7480
326
216
17658
3138
11428
14796
2959
16614
6735
5919
7673
5205
9555
17662
15217
4349
8947
2182
5661
12505
16448
15397
13211
1628
17782
2280
19774
3770
10246
315
16871
19578
2132
16936
14432
18852
13906
13134
5371
10069
15020
19404
13444
19014
12045
2233
5084
6447
2348
10803
15305
10951
7230
19591
7098
11176
18649
922
14871
19271
15888
5215
14361
17432
5287
18634
5672
17393
5411
15409
4463
18909
8989
1887
2477
9793
12026
8069
9015
2633
6811
19329
14610
13356
3905
9880
17722
5612
231
18189
18523
4546
16137
1771
14407
18393
11409
13514
13725
19849
6602
19741
2107
14582
3256
15066
4626
12713
5313
10201
11706
1305
358
13174
8600
2635
17026
15840
6818
15204
4791
3336
11471
15847
3818
18472
9168
15596
9341
16374
2821
7383
16659
16661
8516
15009
11089
5874
10417
13310
19649
12985
14188
11520
14499
17869
1374
6876
4784
11655
16677
5270
14174
12932
9463
5734
8798
17040
1889
14706
11241
16333
5147
4237
8463
19370
1951
16441
183
7682
5203
11051
13645
18112
13782
13442
2117
1792
1208
795
987
18605
6170
12650
583
8741
18857
11467
2740
9821
1757
2996
17359
2341
16264
3249
16642
5565
19843
9093
13019
6926
16421
15764
5732
9921
18939
8747
19630
5378
3226
9516
16827
3986
10735
17898
7013
5907
2436
4018
8834
4434
12150
1832
19693
2644
14748
6965
11889
9419
8355
2507
11044
15739
17529
7640
8713
9470
10070
7191
17061
14798
8657
7366
18512
3243
3820
15557
11319
18851
1395
6026
1815
19934
9545
19087
8656
14484
9311
9625
2248
14696
7124
9345
19050
9865
6013
11101
13359
556
16080
13888
6763
5380
7974
6439
1188
19414
2626
7421
1092
4800
19385
6582
18295
16145
6075
13164
11132
19393
16558
8200
8395
9913
12551
1161
1023
16267
10378
7970
10253
14273
15678
10523
9350
1388
18947
2257
18834
5524
13291
4939
18821
8706
6206
19634
4045
2921
15950
10082
8078
1057
5168
10433
19636
5778
12879
14490
12723
6272
15509
19989
15962
10858
11137
7292
1012
18843
408
1888
9171
7040
493
5232
1018
13090
16750
15805
12554
635
11148
10543
4386
4304
8597
15006
2410
128
3240
6344
19735
4501
1547
4571
146
11771
1074
17343
14218
4694
9924
10648
11724
12685
13905
1674
15960
13636
14932
8750
10687
2503
5623
13646
1727
4191
4404
7088
3895
19648
3594
12747
2951
1709
6977
2346
6962
18090
19554
5267
17643
5997
335
7115
17847
7939
10474
11900
353
9796
14147
18305
6889
5194
16160
1772
7012
6128
18614
1345
16939
9275
13513
7875
9958
8700
11941
4422
850
11837
7494
15831
5138
11943
8693
220
2193
13527
6741
7044
1998
12193
8261
6659
19814
5365
18287
12526
16073
847
19308
4724
15855
19572
16323
4884
1876
2605
12615
12374
19562
1813
8723
14133
14225
16926
18452
2835
14310
3164
13091
9355
18534
18340
5515
3686
16838
3841
14478
1749
3620
897
2750
16633
15463
49
11391
9079
546
10418
611
3580
19898
14890
17346
18913
7321
13530
13302
6549
5457
10067
10562
6106
16674
19673
8021
8757
19723
16194
19098
5421
4690
4350
8326
14730
11804
9059
6623
16578
6293
15292
12698
6670
10446
15473
15432
16236
12562
18250
3081
14223
18609
18203
8179
1528
9332
8918
14923
19070
15423
2424
1641
17376
7162
754
8707
15147
2045
9401
12588
6564
6459
14073
16040
8683
1598
15487
2500
8828
5163
16011
15559
13615
19776
6946
16034
838
16301
12930
12485
6190
11442
9243
17457
877
15801
6998
4207
13178
6618
17297
12293
19757
3420
12866
6114
16122
9842
17042
4004
7243
10624
9398
9348
17238
2851
12409
770
6320
12238
9917
18549
13045
3583
2330
11468
19841
5337
3915
19436
5342
13488
18822
7589
15362
18607
3965
3603
15379
6391
10036
6947
9462
11114
5090
4075
6354
8655
17774
4310
19475
9435
18399
17787
16696
11219
10311
10213
4677
460
8512
13170
5717
6110
1908
5936
19155
1541
14752
2487
2716
3984
17990
17981
15826
14708
7466
12133
10999
13545
15346
14139
4736
10373
16265
5386
16504
1076
8131
19679
2407
5409
10178
5495
596
775
10820
5624
4523
18936
17947
19268
9732
4516
14062
9557
11510
15453
19083
14419
10777
13410
11415
15817
10724
1185
18108
9542
10153
437
5005
19359
5399
17010
13717
8407
4241
2933
11540
9517
18908
9915
19337
3057
632
17994
13468
1319
13058
14132
10179
11640
3806
3922
12953
14470
14290
902
11446
7031
2272
9695
18615
228
18597
4633
2356
9974
17651
2999
12516
1109
7245
5525
8389
2987
5647
9896
14909
200
10038
8776
18542
7236
1254
5777
2536
1258
5390
19794
2585
1087
6753
909
10662
13769
4771
3020
9873
17764
8427
12813
13038
13767
6501
10628
14653
4146
108
12814
16956
2741
11554
6433
2142
12799
10017
10829
15708
5575
7014
18812
4843
13469
13324
8640
723
3201
540
258
2146
4391
13776
17548
9550
8292
8151
1477
3412
9471
16975
12892
10563
18145
3695
10685
15754
19566
3675
4131
2687
5766
102
17076
463
8437
12774
19618
4326
2490
17985
9667
13940
5537
16648
12401
2293
4722
7534
1682
17412
10884
859
4780
17012
1855
18969
15787
16526
10804
19581
17095
3096
7496
3414
15880
2124
9449
13508
3175
14625
4990
15558
6565
1229
168
19917
4330
9331
10718
14681
3224
3852
13864
4885
2595
13002
14615
5911
4689
10983
12903
3453
10129
17734
17756
652
11571
12728
14563
16368
4000
6099
10387
10295
12438
9006
8506
5236
1028
7387
14899
821
3295
16896
16767
11128
19004
15380
13144
3265
9427
7080
6074
10964
6877
1347
14473
8719
8056
3787
2564
6797
15276
13259
12014
13969
15154
11491
6261
2855
11014
12263
17772
5002
12900
16417
15560
3771
1458
11292
11754
3910
2083
4985
9616
13868
19531
4472
4002
17342
2956
791
18270
19599
10839
11384
1030
12477
19537
12043
9246
13676
7339
10968
7276
13298
17109
17392
7158
6825
17645
18638
5103
14150
17092
9477
5106
3299
18642
14811
7036
16172
10617
1962
13639
15430
12175
793
7218
3026
14838
10588
12443
18847
6898
16156
12617
3967
18236
9211
11697
18204
19453
3980
19311
18592
19293
19994
12020
10650
12982
11783
4246
12301
8237
4426
17955
8139
19195
9112
6989
4478
9909
13731
8498
6008
15186
13705
2940
4243
17266
9140
11437
5015
8578
3544
10282
6093
9811
7068
4776
19415
557
15063
915
5500
19685
8156
12281
9856
19940
4125
11503
18227
19451
3283
18404
5973
7585
15771
7579
2806
1469
4334
13012
7478
1747
8513
15992
14460
8898
7973
17812
4908
9479
19642
10394
10582
6267
18819
17478
15723
4014
10437
16347
9597
1256
3439
9293
19220
1492
9845
914
8972
15586
16972
5984
15620
9216
7836
1883
4805
8382
2455
17750
11283
16402
4325
19895
10975
7994
8548
1476
7027
9400
9935
15328
12556
658
3345
11454
14352
11785
11134
15735
11541
13584
12599
9716
6762
3457
12537
6445
9154
3839
5363
17189
12313
17885
16869
14972
1270
11054
3759
8235
773
1984
4143
13692
17201
8754
5085
17221
6142
6784
10707
11405
3471
11427
10500
5059
13987
19206
7832
11905
10725
17405
7784
13147
16321
7423
7513
6810
6953
19256
14101
860
19384
17825
13553
3148
8464
14534
18589
10410
17726
17929
7353
3390
13588
10544
5846
6343
17328
3635
1220
18378
4162
7985
17017
10879
6960
8998
9384
8822
991
8612
16545
563
10305
3127
8383
2211
12451
3083
6611
11604
1183
9192
6878
15097
15290
7206
8572
19955
1019
10998
17052
17997
5758
550
1685
19243
2366
12361
14630
7320
18369
9421
8133
2529
3683
9097
18444
7045
9665
18237
7862
8968
13265
1073
1065
16641
13000
8117
9017
10425
10235
8109
10118
4647
11290
267
16147
2894
966
10762
804
17083
8532
12291
2307
17644
10710
14948
15476
13863
7780
8065
15281
18032
1231
13183
16308
12132
16618
5372
2690
19914
3192
11917
12095
8220
14155
12457
12876
7285
4748
1917
18459
7518
14709
12370
14779
18313
9156
19000
19142
5967
12108
16850
19846
6884
1273
636
15978
3200
12372
13095
5787
16425
5098
12596
8493
7438
19320
11040
3174
2640
7847
9114
5814
14492
14889
4809
920
4087
12453
10652
14969
5094
2236
3294
3278
18121
9270
11440
14742
11829
18308
15048
17345
7726
17446
16610
5190
17660
12420
9245
1563
14631
11761
14059
15142
17008
7305
8137
1148
2799
10614
9934
6644
6047
2186
3843
3681
5442
13313
6816
2160
4903
18352
7264
9412
8535
18498
7472
15488
265
1946
16205
19064
14597
10936
2261
8518
5927
16306
372
19525
17431
14778
7286
684
9489
4691
18525
12425
3338
5561
18889
18716
17428
17384
14939
152
5118
9787
12829
16135
5692
18636
4179
10094
4761
2672
17968
10886
12560
17864
17793
9186
4057
16259
13522
18620
12536
12076
13642
15323
13801
8215
11107
11902
1307
11158
11362
14438
6055
5613
8891
11235
136
5991
19701
7941
4156
15497
17181
8836
2583
18805
13464
7542
19490
8475
3166
19933
8286
13327
3533
10123
18089
2666
10957
16795
6628
19751
8184
2516
17801
1048
429
11607
16064
18356
1902
10782
5931
12365
6652
13017
3545
13968
1969
18942
9494
4003
18633
1509
14936
7778
2085
2437
9507
18141
9745
2349
8961
8505
3085
17615
3358
6813
490
6138
2202
19170
15747
12776
11526
9989
5050
10217
268
6115
8453
14772
10864
8573
15003
1784
798
14749
12228
5549
6037
990
9823
3496
6495
19265
15540
10276
11862
9475
5036
5789
13066
2758
9264
19623
17418
6046
1066
4531
14282
2316
365
16119
3062
5334
15740
5177
2560
6078
11993
17339
1098
19582
4160
10756
11291
3456
11691
13994
10571
16864
513
2774
7790
9108
1424
8281
10116
4378
19017
15526
18710
5506
7886
18748
8942
2457
3532
2145
9878
15781
17679
12847
18241
15800
11012
7594
12702
12018
728
8871
15789
5244
17258
1125
5379
935
12722
2608
15162
17185
679
17996
6886
19281
17939
12062
12805
15255
17586
582
16456
2975
8829
1840
19834
323
19671
17512
3634
15745
18591
8340
18806
14833
13107
12925
10436
17862
10012
18437
8221
12415
17047
16521
11062
14514
11223
3937
15325
4081
12172
18319
14586
8988
7576
7219
5488
7903
9510
3247
9721
15047
13086
7905
3762
18137
5019
3073
8888
18941
19916
15440
14785
16269
13624
12764
1041
15297
4718
14111
12889
2566
18220
4944
6394
7997
2029
17625
11270
15335
8569
8690
9310
4512
2676
19946
12621
9036
8838
17206
9269
16070
923
4635
6872
13062
13122
11022
11828
16662
13491
248
3372
15875
10896
4525
4203
752
11316
10385
19138
19020
6906
6706
8143
12703
19454
19830
9795
12345
7011
9488
8013
16958
16182
12582
1234
3931
15725
15129
778
6182
11522
11077
15527
2773
5540
5035
18691
16377
10751
19900
7308
5470
3118
19013
13262
6547
18743
622
18662
4545
6442
8987
14789
4090
2942
4231
201
9030
2413
15079
16960
17364
3790
18144
15386
5896
3413
15345
7487
18127
9803
10165
19215
12507
579
14338
18776
4600
19667
18058
3795
5962
6275
874
6254
6579
9948
10163
5299
1835
15135
9645
18723
9857
13350
13397
3103
14849
1999
11237
18182
9961
7326
12189
17053
2888
5939
6467
12720
14494
18494
11749
17767
14157
2792
8774
8819
10558
17735
6861
2856
13918
2525
15638
5712
6449
214
8500
11355
6381
759
2930
2049
8341
15483
10823
19925
15214
12305
12194
1858
11947
15983
858
8431
11922
13181
2358
241
13574
757
18768
19290
10162
3374
11063
12208
8368
109
15988
11373
3878
4083
9660
17326
12708
8211
10819
3122
7123
13420
18072
14884
17207
6809
119
943
19882
1409
8425
14266
9026
15401
16604
15349
7055
11660
7919
19481
12670
17388
8811
3098
11822
5880
10000
16047
9461
16706
1083
16594
9150
5366
9615
1945
19792
19205
7924
9136
819
16219
2382
14459
4454
2755
12235
5635
19739
9116
17912
4742
7437
14756
1804
3757
15694
7776
7283
14498
13548
17967
15257
5779
334
164
1133
2467
9346
4663
15250
4196
4439
235
3966
14186
4616
6585
15570
11759
5281
13364
9134
7553
14115
14549
6390
18758
12527
1429
15766
14693
202
13197
9819
3111
5976
10926
1521
12765
1053
8900
10503
1914
10891
3017
18801
19340
7150
276
19941
12122
1504
4294
3215
2470
3834
12845
9194
12828
11765
4991
13271
12581
6963
13482
3624
3025
19117
15475
7892
13406
12278
5425
3988
9999
284
11224
7072
19613
13912
16708
16406
9573
1993
10259
14566
6387
13551
13735
6033
2058
3860
7408
16734
12106
9202
8699
11962
19140
12960
12780
1560
4915
17485
11204
7853
4940
16730
13266
3325
4343
4317
19051
4474
16928
15610
16018
1338
10995
13896
9172
14135
13612
15139
14992
14024
8697
10818
9784
7925
8591
17430
19854
11688
15247
4194
11358
5214
14217
10910
4820
1933
7796
10345
14249
17401
6189
14116
3195
18232
17301
18302
4190
9119
5323
15369
12159
9696
16242
8396
7621
10277
18868
2108
12565
9677
7381
6694
8795
7229
8399
19982
4435
13326
1165
4693
1431
3767
12514
13402
9904
6150
16110
5471
18216
3485
8178
4906
5137
8938
13141
12479
16003
7999
12455
19721
6043
8983
12716
11250
6250
7052
18042
14263
5567
12585
19835
16611
504
1020
7633
6025
11945
12835
17925
6893
13078
13566
16889
1681
14328
16111
8145
8168
2393
19569
4628
17261
3386
2334
12480
18640
7475
15246
16233
11261
17493
16346
7422
11197
19536
3233
1875
1167
9113
14247
11867
7223
6845
14578
11843
9962
2770
18528
7414
8076
16840
7160
7744
8930
6592
2629
1819
2787
17132
11746
18282
11742
6726
9600
1467
14275
244
12830
8102
18441
19137
12739
19822
16811
17612
4099
18099
12347
8895
5376
11413
16471
7404
1317
3354
3440
18406
3959
2177
7134
11977
18351
17580
5784
1237
17443
6003
3595
7468
14506
18726
16300
19521
10627
2286
15188
15160
2764
11127
18824
10481
8842
15734
19652
8157
6739
15
15889
2149
879
12085
5662
1593
1776
9563
11084
15845
19146
18350
4433
12919
10011
1950
18581
16682
16060
4711
19065
10877
17582
13335
646
16891
18990
18005
1575
12896
7255
4576
15661
10456
3434
18384
13820
8391
17739
2359
19965
10898
16445
12410
9151
15236
16980
3202
7660
6673
15033
3921
10451
15216
14493
2874
4274
17598
2943
12601
16284
9343
1159
19755
5338
9203
13534
17979
10881
4555
17284
4890
8422
10167
17617
19250
2581
1904
19025
17448
6392
18991
19504
12763
12822
1266
6862
12490
11368
9541
5247
433
18906
10845
19787
10861
2380
6108
396
16573
3875
4453
7578
19761
5315
1980
11944
6434
19292
8477
17884
9237
13861
13194
16355
8574
3799
17952
9547
428
7299
706
3448
19588
15263
873
14400
8882
16048
14562
13789
12755
8627
11794
247
561
11376
9680
6312
6120
8778
12352
3387
5266
13945
13819
11986
9481
14673
9614
3196
1569
1795
15642
1447
17420
2559
2147
8049
10035
2912
13971
3234
7504
3373
3732
11630
9301
19565
12832
638
5218
8727
14869
12598
12811
1891
3360
10575
6355
19201
7208
12977
17276
19683
14928
11811
12803
5638
9357
9029
30
3511
12148
4678
7431
8334
5349
8267
13451
11699
18318
14285
12564
12652
15082
13123
10755
11443
4005
12389
11254
13930
19044
13877
15680
17202
13499
10180
18697
8951
17460
8796
15539
18775
6045
19931
19870
18453
17255
2024
19655
2872
6331
8896
5845
8295
11509
3527
9648
19153
2823
8290
17621
818
11447
13293
17062
8626
600
5639
16262
6201
217
19697
11577
15520
18621
18103
8119
4651
18677
14084
6574
3876
13667
2797
6079
14413
2537
5076
11735
12816
3178
10554
9765
16931
9259
4999
3197
708
13453
15213
6709
1089
19444
10811
15926
1582
17521
15606
3067
16667
1218
3515
7906
13021
3244
1939
14037
14905
9604
1282
8489
15697
5959
305
10990
6218
13871
243
18916
138
8817
12584
5653
12837
19411
2010
11578
16598
12983
9387
17943
17283
15970
19313
2469
4676
8106
15887
6183
10746
17032
14688
1042
9454
4582
4172
10340
18829
6969
3272
5611
5389
8040
2907
640
6185
14508
4084
4878
7131
730
8907
18742
14350
7743
3205
18825
19361
15104
6734
13626
17944
9946
12405
19801
18085
9525
15477
10827
8313
13385
1745
8005
3665
11894
16059
12568
11453
10472
16631
9159
17568
9570
10272
17699
17674
3523
18045
4587
1353
13664
12065
2670
18855
593
6829
11213
5117
16903
13882
17386
10323
12437
9422
9851
1658
16228
6478
2978
12861
19080
6200
11593
6073
19111
15481
9402
12199
7272
15545
8994
12824
2228
16519
19376
10182
13171
2253
18774
825
3848
18883
9213
11576
14231
8851
12688
12376
1584
7850
5187
11966
19559
11781
3999
1971
6366
8847
17064
8014
14013
6461
5474
5960
9224
12715
15906
12031
6527
10978
1550
13190
11606
16812
12638
1846
10030
1003
11412
397
15677
651
17642
15219
18398
9637
7006
212
1970
762
17877
19974
15402
676
2511
379
15194
11390
5888
2331
1357
8958
11365
15433
2746
2993
17820
779
15272
12332
6255
14522
14606
9132
19640
17347
2033
3938
15576
7873
12557
7104
3004
9669
4673
8651
8587
2853
8149
13662
19113
8514
8592
16822
10835
5570
7173
12379
7969
13234
182
3469
19662
314
14797
17507
5298
8419
6298
8006
9451
19433
1394
9755
5684
8710
7137
440
15185
12587
9589
2638
11659
18370
11610
12602
3627
3829
13219
735
19278
18226
6204
16044
14661
7495
18425
1879
7631
5677
13297
6308
18154
1615
1154
18109
6040
6329
2847
13456
15592
4059
18516
15676
10313
16989
18832
18457
8698
17268
5212
14529
8138
11389
10598
1134
12036
13607
4726
15045
1294
15114
10721
14347
10512
16190
10329
7829
1389
17269
19291
2357
1565
1878
8497
3946
3495
6480
3731
11278
17188
10467
14331
9930
469
499
1046
3674
18627
6523
8462
10583
14379
12341
5916
6948
2478
9491
10620
18075
3450
9632
3872
17435
12786
2964
12595
5989
11926
8734
2915
1717
10640
4187
14137
9185
7597
5193
9693
1596
12894
8992
2572
5237
1158
13087
15958
17354
11078
6632
7262
13577
19977
6333
10227
5716
15681
15777
19957
3593
4637
6027
15899
12314
19455
19502
4655
3002
8446
16927
7794
615
11099
3597
18023
11354
10471
15575
13941
11745
15664
11800
2383
3242
18195
8703
3350
2885
16036
5277
17013
11
16615
18342
17394
1225
16357
13597
15665
2043
18911
14919
6812
4729
17581
18495
885
17019
7304
11649
9722
5550
6679
1768
13303
7023
15562
2535
17692
8028
19513
2279
11661
8443
18033
17454
8531
11768
17366
11407
13591
18024
18749
953
1707
19115
1780
11034
18066
18961
19162
7607
7296
4907
12380
14043
4329
3833
2444
14894
15738
12949
19752
13157
9460
6880
3935
13080
19813
2298
6228
14813
16566
17592
151
10054
16498
10789
19479
8474
9261
9091
11963
11886
4592
19101
19091
13839
203
18415
1834
15809
12928
16404
5796
16906
18584
17516
8411
15998
16815
9708
9252
380
11936
11536
7347
6870
11186
14996
4810
3320
13737
5563
5831
13740
11861
8957
15929
11072
4124
9414
4859
6505
13268
4679
8820
18519
4515
13867
19825
14768
2573
2766
19643
18594
17217
6317
2565
15841
18376
3689
14216
19837
3429
13973
18586
1448
12200
6637
16805
6049
4788
17464
3159
14253
16482
14250
18565
2903
1849
7643
17923
8147
18424
4212
19152
6208
14420
11432
14552
17372
12604
2026
3993
19181
261
11516
9163
9135
19921
17719
15127
4769
496
12277
6569
5533
18392
6808
456
18507
10061
7284
316
12609
5489
10947
15116
11182
16613
15245
14061
7056
3866
5108
167
8090
1114
17870
8530
6871
17736
5557
10705
6542
15321
4062
3130
11016
738
10007
7614
7517
10359
3428
19805
12543
9146
232
921
6603
3556
6404
10873
1941
4900
1191
9560
14450
17667
2273
13847
11273
14687
3044
11002
16912
18978
4789
12555
14184
5617
13673
10862
5682
17193
3945
17097
6626
10306
199
15291
16559
4260
8202
3165
4762
8166
211
552
5339
423
2173
4458
13044
4688
18288
4768
18325
9603
19332
7454
5451
362
3092
6530
12639
13029
11708
13500
8376
3498
6688
14421
11566
9593
18329
112
668
18545
19535
16863
16500
5986
7783
9480
13958
2798
5632
2462
17962
3673
3436
17731
18887
11041
10837
484
4529
17562
7888
19727
16105
6094
568
3622
11795
946
2815
12626
18464
6041
5485
6560
18751
8800
1194
15490
16021
9109
16544
12319
5593
6511
1468
13536
12021
4912
11165
10596
14907
13899
14550
2804
10726
12084
10531
19511
2541
9933
15657
4266
3552
8088
2757
15343
15493
5199
10085
3379
8799
5000
6315
8568
8001
12809
14873
9351
2184
12315
18659
5289
18935
9551
5331
10732
9864
15959
9501
967
13415
5678
4311
15073
10279
15542
18696
3730
16383
11177
18280
15951
13462
16895
4931
9613
17222
6792
7814
11383
19416
5667
15613
11969
18859
18146
15517
15448
3942
15792
6958
13623
10464
16278
6651
12375
8857
6084
9877
3561
15701
11124
10256
10745
12980
9370
1001
8494
19833
16855
347
18931
6470
4534
19335
978
8032
4543
9972
7833
2036
1214
12499
6730
18728
719
9505
9791
3677
14214
9760
17708
18571
18428
10736
12934
4801
5130
4599
9032
11361
1241
2417
7050
17049
14327
710
414
6807
14313
9900
19096
10972
8563
8986
295
2700
553
19698
15474
8161
7469
5404
4979
904
10498
18357
15387
1761
5116
18139
1514
184
13790
6215
18434
8278
16102
14444
17932
10654
6062
4263
9906
5539
9103
4287
776
872
6101
7425
10929
790
6466
5652
17230
7354
18687
12395
16768
8322
11344
7500
14603
594
6987
18048
16289
597
6498
17079
6968
5592
4108
14809
16900
8709
554
12637
15885
7146
3518
15522
6748
7217
8374
2319
2208
4850
10619
13719
15206
16287
8187
5079
16731
3983
10047
8705
13281
17828
8863
17410
16849
13760
8457
14378
4881
15005
9992
9619
6018
3607
14612
14143
6271
16875
19302
11615
14519
3742
14131
449
8670
6492
19795
16330
727
11553
10367
13391
14487
14199
6614
11527
7344
15982
1358
5842
3337
8231
16761
17036
1021
1051
10625
2474
9511
1899
13562
16966
5697
10779
584
9782
14648
17648
10853
11159
14561
16562
15342
15011
17137
933
13587
10377
2289
435
15886
19913
18720
12808
9828
731
18265
14211
12756
15709
906
1039
11954
17192
7159
17250
9226
16528
19279
506
16837
8952
14414
1379
13535
1093
6789
3801
1611
6415
11970
7226
547
13207
17959
2982
5174
19134
15118
15083
6092
16797
5955
7375
10590
9524
14556
15196
12269
17274
12316
1130
5448
1992
10649
3331
15647
9361
15253
7610
15546
18932
4151
10766
2345
12864
17496
870
9939
16612
14546
6844
3716
13445
17499
14398
12515
5427
14202
8299
605
9027
15552
7618
1955
12718
11050
8872
8814
14533
10147
7680
12287
10706
16150
1778
7746
7461
17332
5435
12632
2995
14130
17057
7538
15013
10901
8549
7008
6704
5536
96
1737
3134
1201
16775
7944
10826
15200
6296
3117
4877
7665
18011
17119
338
16882
13611
3184
3805
8071
18669
936
3370
15693
5272
15601
12041
11658
13113
16902
5665
19991
11327
18135
6749
19066
9178
131
4567
13048
11017
14695
9556
5511
9975
10183
13695
15883
5764
7035
6990
4078
12119
15182
13641
4863
19225
445
11402
5037
3452
3783
13100
3470
18526
7706
1486
2977
5636
16686
1335
13821
14616
2831
5306
14441
5843
5254
16654
18580
19003
8941
19980
8931
2981
19716
4136
14964
8042
12223
8970
9506
9691
1301
16144
8337
15919
9364
15807
10493
13772
19458
17259
13288
2920
16193
2057
13751
11258
653
11104
12804
13631
7113
3728
1979
16216
12590
1461
15417
7647
17490
14332
3232
19996
19377
15548
7878
19437
15516
3091
9307
18895
1755
19073
2555
9523
2991
17748
7883
13109
2332
18037
5680
1576
10867
12986
3734
7803
16753
1886
15615
4107
52
16141
9426
11080
8542
7269
16240
12286
17958
13280
13426
6801
7196
3763
17808
19968
17570
4197
12976
3885
16057
17225
8354
15301
13465
256
14125
6747
2863
16342
2368
3031
3978
13528
7105
4619
3888
13208
7802
13371
2784
4755
2388
8204
13571
16523
15155
7779
14243
3514
3636
9007
16597
11301
19510
17368
12167
4089
8256
12407
6502
198
8164
18689
8502
15310
18999
8620
8855
12170
14291
8415
11477
13061
8672
5574
10018
964
1252
8680
5833
1841
6916
12990
1865
19753
16163
772
3807
12789
19714
15999
13217
3401
4139
6371
13904
7824
12686
10026
7334
12631
5498
9867
18569
8351
10019
13032
3340
1548
4385
1513
8150
2068
246
4558
4703
7854
5472
5568
12378
1752
11236
18094
12412
17799
6821
9801
907
14887
19526
1344
3467
7623
1122
8925
8604
18206
16388
6314
19909
9450
8087
13284
9318
13179
1032
11234
18483
5585
7975
3322
8618
6176
15459
3565
18725
1676
1893
4367
16508
8236
14660
12173
12120
16676
18686
19763
7106
4960
10205
3571
17991
13947
887
626
18073
500
15419
19180
5
8111
5077
10478
4727
9841
14585
18155
16587
6060
16179
10920
13589
11325
9149
19670
11112
15770
10191
15571
18522
6588
13242
4040
2771
14452
11550
19264
1977
6059
10064
3547
5508
321
15611
10942
17134
7135
7880
14832
8136
1664
3479
4498
11068
4171
9009
18183
15648
8780
9425
6325
10615
15614
3084
10319
5590
18262
19828
17948
13437
10491
15384
4929
6798
8637
17873
8035
11343
18802
11752
19343
5900
13686
9407
6002
14339
9710
16428
17286
2164
11848
17285
12124
7182
37
5588
6837
2106
9267
7446
16505
10485
1284
11335
16524
13600
14764
7364
10459
11227
18014
5935
67
15293
6937
11788
171
6973
2323
13307
16087
11359
417
8024
1716
18918
6230
14240
1746
2028
15782
780
11351
14110
13622
12948
3729
18630
18214
16295
7311
8605
4590
7625
13972
4934
11524
10783
5856
9540
13836
17505
14454
16025
18420
8271
4010
19756
6137
15207
8865
1573
1269
6525
5310
10572
2300
4306
15420
7571
16557
12717
18328
1330
498
14018
1332
11457
2196
36
13543
3190
2587
3890
4767
10168
8751
9664
16497
14885
386
16866
4390
7086
13484
5572
15340
17779
3563
10206
225
9496
13886
9403
19800
16883
16749
11079
13874
3466
15564
16161
3800
176
5953
1136
8409
19232
1526
4857
169
4976
11049
15612
3415
7332
5419
16437
467
19730
15148
15327
2575
3149
17917
14900
17559
10773
1620
13069
3366
1160
12761
14998
18361
12174
18372
1277
1363
10682
8366
19213
15912
2077
5952
3093
12022
5105
1356
13697
6529
19806
5705
15242
4323
15062
4826
19722
4867
19005
15688
6701
6203
9182
18315
9436
17191
1079
15956
1704
6103
11680
15997
11462
61
19
12511
9641
15797
17693
9223
15619
10354
8623
279
2879
2306
4384
17725
3114
17790
10128
18217
9618
5687
8182
3376
4613
16973
17170
4624
3120
13400
17714
2113
3270
11372
19684
4883
12155
5835
15846
17610
3218
19116
7793
15806
4854
15689
10428
15729
11307
17832
6911
17547
1196
35
16198
8695
16126
11790
3191
12895
14608
15035
13294
9729
11750
14187
12299
19071
13795
612
7893
13143
5940
17509
8691
16697
11976
16758
8397
10809
6475
18317
14784
19309
9748
15503
13006
11953
9067
5231
7316
14745
13917
15932
5587
10663
6281
12887
19397
14793
13957
9165
12213
14915
18646
13128
5958
19718
8793
16698
1530
1973
116
11728
15695
17060
18454
6471
5781
18872
13777
14443
13595
18408
12268
15618
1107
16396
11168
4316
12901
8258
12010
5754
9768
15994
2548
12466
11834
3933
14564
19275
3416
1418
18200
13675
588
18807
4262
18655
11798
11193
15450
17705
14601
2779
11298
13477
7020
13439
7856
11150
18656
19056
9585
16606
15582
16806
12857
6234
5012
822
3589
11313
3034
259
15178
5656
5855
5738
7486
1498
5737
19506
1882
8486
2619
17108
14293
5265
10450
13650
13853
10431
10507
10621
12343
14823
4865
12711
17399
15465
9984
10266
11690
13907
16188
19434
6039
12222
5731
14509
19885
11643
14666
17577
13386
17247
6100
11674
13585
10775
17694
19081
5761
11880
18530
5782
2428
15271
1740
19121
16585
10761
14725
16486
5329
12310
16423
10458
12625
12991
4577
12203
4719
11147
3040
11616
19467
3104
8823
8328
5873
16771
4642
9024
19556
7664
1009
19240
1314
13792
9198
12111
10044
5290
6098
15054
14966
1219
1570
1416
11852
19176
16701
12422
6908
17970
4276
3651
10039
134
15259
7464
15268
3625
3982
11377
9750
6289
16700
8973
8646
2989
14457
4076
3912
18639
3410
3750
6476
15773
12483
8311
1106
5795
12674
12902
5373
12191
16930
14481
10160
13620
9117
14154
18777
16681
485
18016
16538
19564
14308
10639
13434
12753
1538
2226
1698
3154
8773
19263
12470
11111
2927
16777
12131
9707
11807
17003
2207
12646
2545
8000
15158
7430
538
13403
880
14755
4524
17194
5314
10703
4424
10412
17913
15551
749
16474
17467
19970
4876
15376
16514
1597
15157
621
11341
2979
3032
2867
7909
13712
15415
8545
3239
6671
5480
7820
17682
11903
13788
16316
13619
4077
4288
9031
7933
4126
6856
17567
3893
956
14775
4579
17751
7189
10393
19125
1393
4653
5197
15587
8121
13515
5107
10004
8447
1631
19342
6587
15363
3611
16751
18245
17218
5410
4272
1045
8779
8492
2710
13492
9137
12147
9991
12081
18168
12061
4609
18346
18381
12050
19022
7805
11890
14626
15757
19573
8378
17444
13539
6193
10402
10836
15825
2018
4864
118
6950
7917
1810
6157
10252
6554
16473
7343
12384
10604
14981
14819
10063
5775
19715
2795
9871
3505
11393
9320
19713
8571
12079
4245
19242
5356
14895
7920
4704
15706
17048
8153
16740
11965
18968
18029
19179
15866
6800
16424
9176
8859
6016
7203
19543
9197
4500
4127
4667
1610
5165
15816
2070
6625
15518
19487
9148
18595
19981
11831
6191
6485
11205
11493
4223
11656
19102
9767
6477
10053
1216
13215
6278
2809
5708
11417
15635
4012
5252
2946
11371
7372
782
4029
3907
9120
2431
11670
19512
4361
1805
2735
9405
18800
1726
11179
18013
16862
14697
16908
17172
9354
13954
378
11006
12993
5658
14878
7471
7039
2539
18036
15654
19858
11530
14790
10816
4996
13316
11003
16234
5089
5709
16925
16796
16832
19984
8332
14065
3694
1670
18902
10900
8285
882
19853
9249
3343
19547
6349
15078
14148
12531
9792
17152
6613
5651
14621
12008
6417
19276
16881
5341
101
14613
16551
15585
11537
10848
6522
6835
15494
14120
18051
14346
16793
5060
11625
14925
5262
9993
8601
2805
4013
6756
11600
6922
2693
945
8745
4112
10499
9956
1995
9250
6904
6383
2042
4147
14781
5405
8361
15159
16366
4188
14425
13627
14299
5703
8196
14717
18485
10391
13161
8716
6482
10542
14264
17195
13813
8783
7565
1493
5152
2386
7505
8812
4552
12296
4414
17282
9730
17754
9609
8293
9313
5200
19262
16914
12116
14737
5075
3569
11632
11793
1562
2846
13034
12184
14746
9257
17816
17184
1373
16298
10670
4056
16772
15791
8107
6715
13872
4254
11192
15269
17073
9778
4614
10145
19094
13253
13977
14486
16041
19222
16191
8346
9543
765
18666
8019
7297
2063
11030
350
976
5362
4928
12227
4457
16993
5161
19558
8284
12135
16588
11935
17299
7729
8448
3874
1782
14335
10713
18923
16951
18515
16297
13726
223
19391
13690
17043
2328
6139
3781
6294
16083
625
1919
5054
8255
6604
6767
17015
15876
9230
14570
15454
15311
678
707
2093
14599
3789
2251
2923
19412
6367
11098
10668
7689
1626
11956
7300
12575
4620
3334
8080
7562
7736
15361
2274
5224
18772
18977
13023
5023
11294
19324
10263
11990
6441
11142
18178
1735
14156
7806
14830
19015
15989
1679
3524
12202
6794
19270
15388
16277
10927
7066
17308
6765
7489
12110
3510
8451
16086
2966
14449
12414
9606
6014
14657
13216
10808
18017
12063
10420
17459
14795
13822
14294
1091
18858
13869
9601
10390
9467
478
3979
16299
1785
19654
5484
7639
16094
14334
280
3949
2161
11560
15703
10657
2698
17631
4593
17305
3055
17480
16887
6406
9794
12092
1204
17522
6306
8171
9806
16274
4106
16680
1271
4898
18411
14118
2354
13532
13802
11366
11901
5950
1895
13727
5344
16215
162
12464
19036
11646
8472
12968
14639
55
5505
15910
10605
17540
12512
13244
17558
4393
1828
6285
18578
16718
2883
16313
2392
6496
14683
9652
10768
14074
17072
8325
3223
4425
19869
1086
14028
14446
15702
11683
46
9071
5001
15514
1485
3536
2969
15485
2360
14242
15211
18456
4205
4537
381
5530
18063
4574
10546
1121
15190
18664
9487
15581
3009
1207
16303
12907
1253
13558
9658
10908
7825
18837
13330
11654
5136
2109
4371
9256
16709
1724
4420
8185
3063
18341
2243
12274
2742
15128
10215
7250
11684
2322
6153
6042
12672
14495
14089
18796
7058
4259
5139
2002
10414
13429
15519
7357
9255
6515
9088
14466
12872
15663
4300
3779
9634
6851
13290
7649
2878
4814
10074
430
11518
8412
9957
436
16118
502
3213
3609
11594
2900
3176
17638
4186
7938
6601
5629
130
10576
15470
1662
19494
19635
7955
2998
18780
19689
4977
8385
4063
16511
5969
160
8450
14880
16367
13131
10626
2256
10982
15353
11693
4238
7583
7547
13358
17243
15375
2568
9222
3021
5240
2294
16378
6034
13337
19462
7213
8554
81
17650
12940
4668
18080
4845
8227
13084
12654
1544
16910
16919
8771
14330
4917
9440
19460
9566
15828
3972
7026
1144
3105
19435
15891
16487
7681
3264
3378
11479
17712
14411
11775
1787
4192
5994
12051
14440
12
18034
8933
3897
4174
15554
13419
14426
11187
11395
4027
8912
6827
19389
19608
15389
9374
8212
7810
10048
11582
6999
19095
18727
1359
12577
2011
3318
1232
13478
4437
19477
10441
525
8015
11928
7447
12827
17357
17292
18429
4514
19645
3568
13780
13440
11570
6894
12179
4452
10349
9607
19199
10357
7172
8146
14246
10644
6913
16669
12259
3630
14574
19710
14340
620
3856
9936
7968
10347
17574
5088
16713
12360
5303
19874
479
7140
12974
6943
2510
8949
7071
3303
1601
12183
9881
19747
5335
10149
11496
6903
14916
4261
16644
16231
11698
15222
1118
5730
12334
950
4173
12950
15239
5583
19765
14104
5865
14979
1635
4644
13070
10904
13707
18084
11930
8023
4936
11285
4048
11103
19821
10440
5887
1000
11091
11076
4392
19889
5312
158
19109
4138
6280
10949
4945
2691
786
19363
18865
3776
12255
7990
17219
7901
5284
5759
7995
3421
18739
1421
123
19831
13329
2438
15121
10909
8476
19253
9121
15753
5291
12285
13205
16489
12069
9777
8934
14042
10516
15572
12914
19770
19881
7392
17039
14128
16938
16429
2129
2046
6455
19528
18022
16251
3018
19421
9434
6372
15742
1808
900
17140
5351
5838
12032
9459
16743
5562
13594
2224
1198
3425
8616
13056
12209
19427
7512
12610
14547
12580
10001
121
4221
2007
4339
12569
3925
7781
17741
19399
641
17715
15367
7403
16553
17374
40
1680
9063
17233
587
1860
6653
14321
3684
6514
13074
1120
3367
14870
12364
4844
12337
14682
18880
13
4831
11484
93
3794
14882
7634
18734
6307
15332
16728
6175
7543
5645
4278
5125
6177
3969
15172
9907
763
12267
16246
511
5258
10765
11370
3554
746
17611
6772
16671
16134
11481
6764
7409
16373
13693
16940
16957
11872
10120
8641
7061
17995
48
1696
6397
4201
10477
18631
15215
599
4777
17360
11315
5772
3672
10240
18396
18466
7708
11833
11564
15736
4407
9774
8559
19112
3906
9809
3352
4033
16839
4180
17950
16197
10338
18387
7642
19403
18010
8424
1391
3115
1040
7074
9520
16944
6616
4275
14997
7149
15656
11938
11896
10522
8589
5216
9229
6995
18188
14986
963
14229
5556
12486
14035
3045
13883
13132
19252
18238
14192
89
10461
5895
3821
14513
10528
14528
14690
7849
6382
7399
5650
11633
16384
4008
17186
8324
12439
800
5211
11433
9895
2052
2986
19762
9978
1817
16171
215
59
19887
2891
8097
16353
294
7712
8442
8807
7846
5947
774
9056
14305
1324
5603
3746
3726
15594
2720
8840
1691
717
7411
11058
6919
13320
15869
16328
19935
10442
6732
1607
13657
4150
586
2439
13748
9107
12284
13659
1472
5433
5330
17504
13343
4364
5121
4095
8638
14233
5181
19985
8738
5423
1660
14794
11637
9011
16542
4798
14081
14193
9383
19191
2128
140
4034
16985
5156
8960
16799
19857
12997
13983
8561
1321
4621
15355
2493
16422
15086
18531
19939
9651
16393
16651
2427
7750
11985
17009
7703
6112
5631
19658
1686
934
524
18012
8232
3199
13125
3441
18583
10660
12353
8124
17544
5944
110
9287
12087
8435
9304
16266
15698
2072
7812
3221
12593
6533
2744
5869
6520
16207
13168
1572
16582
2159
13154
7921
306
19879
2218
2651
18745
7656
3123
15189
4605
5830
5198
17275
16990
13955
14312
10204
17278
9800
7963
13261
16826
2731
4561
899
837
15818
19815
5614
9949
19473
12725
16107
5559
4011
14351
2618
13018
16624
7261
2645
14434
11085
9294
282
11229
1555
16823
2254
1310
1751
948
6751
6057
2266
5985
8308
4714
14210
14363
7716
13165
7275
13133
7221
11042
5468
16917
1362
10136
193
7609
13073
11082
1625
11557
2533
10164
9209
8360
18625
11766
19911
9738
8599
15674
3691
14521
7386
4725
2928
19952
14424
5706
1459
14635
19387
7568
9588
16756
19927
459
10914
18086
10623
4825
18755
15241
16082
4951
8906
11380
12029
2777
6563
7910
13383
13927
18028
12096
10361
7527
11328
1809
4670
12289
19666
10834
9982
9859
5914
13236
10008
13459
9367
12433
16117
18230
16054
19579
17761
17768
7575
13519
13501
9914
634
12793
6519
2411
10911
12727
17676
17844
7310
4486
5279
2662
8234
10921
7424
16309
13436
9190
2269
2099
7360
16443
18343
1131
5309
15533
2971
1430
17415
15303
734
17265
7028
10802
9010
7954
5721
13652
7239
18400
16666
18229
1944
2412
12648
5825
11644
1869
19407
13916
11638
1974
10838
1457
18551
7529
12391
8880
7801
17503
6698
14099
7815
12060
2001
6032
19851
9611
7190
6054
7443
6248
14854
973
11758
222
15108
1733
287
17766
7653
16068
5169
12802
8225
19601
18826
1915
17616
16343
14810
8027
1543
4376
6209
9391
13709
19345
19819
10997
10932
13221
6174
16723
9692
8889
7405
9274
489
8175
12721
4660
15221
11497
19110
12669
12431
9482
5904
15252
18427
6721
11218
7987
3442
3687
7394
17908
18258
3724
14843
13015
1340
1820
5201
384
5745
11797
11268
6677
9546
5532
5305
5058
11333
6552
13214
2655
12700
1408
7946
9429
4563
18750
13279
7117
7644
19092
2828
3864
1578
7315
11951
13617
194
7070
10034
7545
6484
688
10108
3557
7768
17363
10781
4518
7484
8266
7881
10114
13964
12735
17004
9453
14309
15156
8483
3555
15306
3139
9773
8610
1197
2092
14560
15861
2527
6966
2563
589
16725
377
10938
10125
9164
2327
12140
9432
10106
15195
14023
952
18786
10490
343
11874
8575
4947
2148
5053
18964
12015
11907
8101
14867
6155
2790
2241
1901
12044
865
11955
8897
18111
4842
19496
1821
13647
4467
5691
18815
7151
11141
1516
5031
5080
566
12197
5841
5619
3262
2446
17000
3516
12231
3880
10083
10150
13891
1836
16427
18601
6479
9735
13658
8681
1618
2206
145
11631
15687
10573
17348
7143
5018
3918
1398
15120
16092
3082
11915
10172
4745
5422
8748
13683
9688
6639
10969
6210
14000
5124
5317
17746
18752
376
1392
10539
2519
6351
1478
16817
18862
12681
2426
10271
9147
10749
10600
6256
13120
1490
5444
7452
2974
13230
19609
5823
624
2834
14409
12553
2321
7859
15975
6407
4412
3743
16565
9816
10107
19219
893
4296
1552
15248
18616
13117
14201
10141
15393
15812
4658
11264
9642
4399
16834
7841
7566
12807
3024
7570
6838
2997
5740
19840
5804
14711
9238
5414
2538
5829
3669
10637
1802
4068
12066
2631
1604
11184
