913.0 1048.0 906.0 987.0
504.0 750.0 502.0 687.0
563.0 517.0 563.0 456.0
710.0 1875.0 699.0 1811.0
1061.0 1751.0 1047.0 1687.0
593.0 529.0 593.0 467.0
898.0 1015.0 891.0 955.0
438.0 726.0 439.0 667.0
777.0 1774.0 766.0 1714.0
914.0 855.0 909.0 795.0
1059.0 1607.0 1046.0 1547.0
663.0 836.0 661.0 777.0
856.0 1923.0 844.0 1860.0
608.0 831.0 605.0 771.0
847.0 1028.0 840.0 968.0
1050.0 189.0 1049.0 129.0
751.0 1814.0 741.0 1753.0
564.0 501.0 564.0 439.0
941.0 1373.0 931.0 1312.0
870.0 423.0 867.0 361.0
911.0 1387.0 902.0 1325.0
1024.0 2029.0 1009.0 1963.0
502.0 423.0 503.0 363.0
482.0 792.0 481.0 730.0
886.0 185.0 886.0 128.0
1030.0 1448.0 1020.0 1385.0
799.0 1768.0 788.0 1706.0
530.0 634.0 532.0 575.0
908.0 295.0 907.0 236.0
811.0 1956.0 798.0 1893.0
679.0 1817.0 669.0 1754.0
1021.0 1436.0 1011.0 1375.0
972.0 687.0 968.0 625.0
490.0 1007.0 489.0 949.0
1051.0 859.0 1046.0 799.0
956.0 705.0 950.0 646.0
948.0 1952.0 935.0 1888.0
1057.0 411.0 1054.0 352.0
984.0 1745.0 973.0 1684.0
1059.0 1118.0 1051.0 1057.0
784.0 1044.0 780.0 985.0
618.0 491.0 615.0 431.0
771.0 750.0 769.0 692.0
972.0 263.0 970.0 202.0
987.0 1217.0 978.0 1157.0
996.0 589.0 993.0 531.0
961.0 523.0 958.0 463.0
483.0 970.0 481.0 910.0
820.0 633.0 816.0 575.0
1044.0 1837.0 1031.0 1775.0
975.0 594.0 970.0 532.0
770.0 1349.0 763.0 1289.0
800.0 639.0 797.0 580.0
1035.0 71.0 1036.0 10.0
917.0 1076.0 909.0 1016.0
714.0 778.0 710.0 717.0
767.0 392.0 767.0 330.0
744.0 1925.0 734.0 1863.0
872.0 1397.0 863.0 1335.0
701.0 1817.0 690.0 1754.0
961.0 1795.0 949.0 1734.0
688.0 1741.0 680.0 1681.0
777.0 1907.0 765.0 1847.0
1041.0 1927.0 1026.0 1861.0
973.0 1915.0 959.0 1852.0
1017.0 1100.0 1009.0 1039.0
385.0 467.0 387.0 407.0
446.0 605.0 446.0 547.0
773.0 2028.0 761.0 1967.0
729.0 493.0 729.0 435.0
992.0 716.0 988.0 656.0
734.0 863.0 731.0 804.0
658.0 794.0 653.0 735.0
738.0 441.0 737.0 379.0
882.0 778.0 878.0 717.0
639.0 285.0 641.0 227.0
579.0 1008.0 576.0 947.0
847.0 1609.0 837.0 1546.0
946.0 417.0 943.0 357.0
935.0 1471.0 924.0 1409.0
1007.0 428.0 1004.0 366.0
1011.0 1744.0 998.0 1682.0
996.0 1675.0 984.0 1614.0
1040.0 1698.0 1027.0 1634.0
1014.0 1575.0 1002.0 1512.0
388.0 497.0 389.0 434.0
909.0 1331.0 899.0 1267.0
812.0 1303.0 805.0 1244.0
814.0 1526.0 806.0 1464.0
583.0 678.0 582.0 616.0
985.0 172.0 984.0 114.0
997.0 1090.0 991.0 1029.0
943.0 521.0 940.0 462.0
1024.0 1925.0 1010.0 1860.0
657.0 325.0 657.0 265.0
863.0 1012.0 857.0 951.0
960.0 785.0 953.0 726.0
837.0 1600.0 828.0 1539.0
648.0 303.0 649.0 245.0
824.0 457.0 823.0 396.0
956.0 1362.0 947.0 1300.0
1064.0 173.0 1061.0 115.0
982.0 626.0 979.0 565.0
487.0 577.0 490.0 518.0
1058.0 727.0 1052.0 665.0
732.0 1314.0 726.0 1251.0
577.0 609.0 575.0 549.0
551.0 1024.0 549.0 966.0
1049.0 177.0 1047.0 119.0
580.0 525.0 581.0 463.0
563.0 764.0 562.0 704.0
874.0 1653.0 863.0 1588.0
463.0 816.0 463.0 757.0
815.0 1983.0 803.0 1921.0
424.0 901.0 423.0 839.0
911.0 1843.0 901.0 1781.0
452.0 833.0 451.0 774.0
637.0 725.0 635.0 664.0
907.0 426.0 906.0 368.0
942.0 702.0 936.0 644.0
516.0 578.0 516.0 517.0
762.0 419.0 761.0 359.0
729.0 593.0 726.0 531.0
887.0 254.0 886.0 197.0
678.0 1760.0 670.0 1699.0
383.0 550.0 384.0 491.0
1062.0 1850.0 1047.0 1786.0
716.0 433.0 715.0 375.0
993.0 1199.0 984.0 1139.0
1006.0 622.0 1002.0 563.0
472.0 481.0 474.0 423.0
880.0 1974.0 865.0 1911.0
947.0 1355.0 937.0 1291.0
573.0 772.0 571.0 712.0
804.0 537.0 800.0 478.0
954.0 683.0 950.0 625.0
812.0 1379.0 803.0 1320.0
1051.0 400.0 1048.0 340.0
1031.0 1305.0 1020.0 1244.0
896.0 568.0 892.0 507.0
700.0 1839.0 690.0 1774.0
595.0 703.0 593.0 642.0
515.0 726.0 514.0 667.0
985.0 69.0 984.0 11.0
762.0 1307.0 753.0 1248.0
972.0 652.0 968.0 592.0
771.0 490.0 769.0 432.0
1067.0 1097.0 1059.0 1037.0
811.0 1015.0 806.0 956.0
573.0 1596.0 566.0 1534.0
874.0 1444.0 863.0 1380.0
459.0 908.0 457.0 850.0
914.0 1697.0 903.0 1633.0
904.0 1512.0 895.0 1450.0
809.0 484.0 807.0 424.0
1009.0 547.0 1005.0 489.0
914.0 1001.0 909.0 940.0
620.0 693.0 617.0 635.0
925.0 1797.0 912.0 1734.0
786.0 1876.0 773.0 1811.0
702.0 1687.0 695.0 1624.0
853.0 1952.0 841.0 1886.0
532.0 1066.0 530.0 1003.0
660.0 424.0 661.0 363.0
684.0 807.0 681.0 744.0
626.0 731.0 623.0 671.0
1049.0 1151.0 1042.0 1088.0
972.0 1105.0 965.0 1042.0
585.0 475.0 585.0 414.0
941.0 1980.0 927.0 1915.0
531.0 533.0 532.0 470.0
943.0 1320.0 935.0 1258.0
305.0 416.0 307.0 357.0
981.0 613.0 978.0 553.0
927.0 458.0 924.0 398.0
736.0 1874.0 726.0 1811.0
909.0 779.0 905.0 718.0
866.0 1600.0 855.0 1539.0
874.0 1538.0 864.0 1477.0
914.0 1655.0 903.0 1592.0
744.0 1897.0 733.0 1833.0
462.0 517.0 462.0 454.0
1065.0 2020.0 1049.0 1956.0
369.0 545.0 370.0 486.0
843.0 233.0 844.0 174.0
1023.0 606.0 1019.0 544.0
898.0 192.0 897.0 135.0
1044.0 871.0 1037.0 810.0
837.0 1958.0 826.0 1896.0
845.0 503.0 843.0 441.0
796.0 1559.0 788.0 1496.0
710.0 1763.0 702.0 1703.0
878.0 645.0 875.0 584.0
1009.0 1358.0 999.0 1297.0
648.0 743.0 645.0 684.0
1038.0 965.0 1030.0 904.0
878.0 729.0 873.0 666.0
839.0 659.0 834.0 597.0
526.0 566.0 525.0 503.0
873.0 1580.0 862.0 1519.0
1000.0 1645.0 989.0 1585.0
947.0 178.0 946.0 121.0
599.0 1170.0 592.0 1108.0
918.0 802.0 914.0 742.0
1008.0 484.0 1004.0 422.0
961.0 67.0 960.0 8.0
985.0 1882.0 972.0 1818.0
1041.0 1233.0 1033.0 1171.0
1023.0 321.0 1022.0 260.0
976.0 1892.0 963.0 1827.0
308.0 292.0 309.0 232.0
973.0 1246.0 964.0 1186.0
758.0 1796.0 747.0 1732.0
677.0 789.0 673.0 731.0
525.0 800.0 523.0 741.0
1022.0 486.0 1018.0 427.0
1027.0 1732.0 1016.0 1667.0
899.0 1818.0 886.0 1754.0
1052.0 1916.0 1037.0 1855.0
905.0 151.0 906.0 91.0
882.0 231.0 881.0 173.0
1054.0 1987.0 1038.0 1921.0
599.0 757.0 598.0 699.0
1067.0 1110.0 1057.0 1048.0
1066.0 1159.0 1056.0 1098.0
883.0 1416.0 874.0 1352.0
615.0 461.0 615.0 398.0
745.0 559.0 744.0 500.0
469.0 549.0 470.0 488.0
936.0 1999.0 922.0 1933.0
919.0 483.0 917.0 423.0
727.0 514.0 726.0 452.0
867.0 1143.0 861.0 1083.0
878.0 489.0 877.0 427.0
375.0 453.0 377.0 395.0
1045.0 111.0 1044.0 49.0
540.0 802.0 539.0 742.0
854.0 269.0 852.0 211.0
1001.0 866.0 996.0 806.0
970.0 409.0 967.0 349.0
887.0 1347.0 879.0 1286.0
459.0 587.0 460.0 528.0
833.0 1771.0 822.0 1710.0
894.0 870.0 890.0 811.0
987.0 1034.0 980.0 974.0
859.0 1022.0 852.0 960.0
832.0 598.0 829.0 538.0
494.0 690.0 493.0 628.0
662.0 410.0 663.0 349.0
1071.0 1696.0 1057.0 1631.0
927.0 224.0 926.0 166.0
913.0 1795.0 900.0 1730.0
825.0 1090.0 820.0 1030.0
969.0 1362.0 960.0 1299.0
635.0 778.0 633.0 718.0
583.0 668.0 582.0 605.0
955.0 192.0 954.0 133.0
890.0 1007.0 885.0 947.0
649.0 407.0 648.0 348.0
714.0 1644.0 706.0 1583.0
655.0 453.0 654.0 393.0
558.0 907.0 554.0 845.0
799.0 1360.0 792.0 1298.0
559.0 587.0 559.0 527.0
994.0 1751.0 982.0 1690.0
844.0 298.0 845.0 236.0
903.0 1796.0 891.0 1734.0
1068.0 909.0 1061.0 847.0
543.0 585.0 541.0 527.0
553.0 524.0 553.0 464.0
758.0 1878.0 746.0 1816.0
1037.0 492.0 1033.0 432.0
860.0 450.0 859.0 390.0
904.0 415.0 903.0 357.0
1055.0 1522.0 1043.0 1461.0
957.0 861.0 950.0 801.0
914.0 408.0 912.0 350.0
887.0 578.0 884.0 515.0
816.0 1962.0 805.0 1900.0
705.0 1663.0 696.0 1601.0
721.0 895.0 717.0 834.0
624.0 460.0 624.0 402.0
826.0 1062.0 819.0 1001.0
751.0 1934.0 741.0 1871.0
976.0 2023.0 962.0 1961.0
1057.0 120.0 1053.0 60.0
1011.0 1170.0 1002.0 1111.0
719.0 642.0 719.0 582.0
788.0 647.0 784.0 586.0
497.0 590.0 497.0 531.0
851.0 1516.0 841.0 1454.0
723.0 1283.0 716.0 1221.0
1055.0 2025.0 1038.0 1962.0
636.0 742.0 634.0 682.0
982.0 1204.0 974.0 1142.0
597.0 669.0 596.0 607.0
1068.0 1657.0 1055.0 1594.0
958.0 1538.0 948.0 1474.0
742.0 1939.0 732.0 1875.0
602.0 688.0 601.0 628.0
770.0 1784.0 757.0 1721.0
1021.0 1896.0 1006.0 1832.0
405.0 959.0 404.0 898.0
507.0 701.0 506.0 641.0
946.0 750.0 943.0 692.0
1045.0 1635.0 1033.0 1572.0
434.0 699.0 433.0 637.0
889.0 1678.0 876.0 1615.0
941.0 365.0 939.0 303.0
548.0 780.0 548.0 719.0
964.0 1564.0 952.0 1502.0
791.0 1785.0 778.0 1723.0
881.0 1078.0 872.0 1018.0
998.0 406.0 996.0 344.0
890.0 1082.0 883.0 1022.0
612.0 766.0 609.0 708.0
946.0 140.0 945.0 81.0
996.0 1066.0 988.0 1007.0
643.0 457.0 644.0 398.0
717.0 449.0 717.0 391.0
871.0 460.0 868.0 400.0
1002.0 1827.0 988.0 1765.0
890.0 1916.0 877.0 1854.0
965.0 760.0 961.0 700.0
446.0 417.0 447.0 356.0
719.0 1673.0 712.0 1609.0
670.0 667.0 667.0 605.0
961.0 650.0 954.0 590.0
978.0 1494.0 968.0 1434.0
873.0 630.0 869.0 570.0
989.0 555.0 985.0 496.0
883.0 1401.0 874.0 1339.0
701.0 1784.0 692.0 1722.0
914.0 1917.0 901.0 1852.0
886.0 759.0 883.0 699.0
819.0 1781.0 807.0 1719.0
823.0 1870.0 811.0 1805.0
715.0 1680.0 706.0 1618.0
747.0 1325.0 740.0 1264.0
1026.0 646.0 1021.0 586.0
339.0 265.0 341.0 204.0
349.0 281.0 351.0 220.0
853.0 1193.0 845.0 1131.0
1040.0 1720.0 1027.0 1657.0
1042.0 91.0 1043.0 32.0
872.0 673.0 869.0 610.0
624.0 443.0 625.0 384.0
1013.0 1330.0 1002.0 1270.0
886.0 606.0 883.0 546.0
725.0 1881.0 715.0 1817.0
319.0 404.0 322.0 344.0
285.0 332.0 287.0 272.0
902.0 554.0 898.0 495.0
947.0 1152.0 940.0 1092.0
1029.0 972.0 1020.0 913.0
1048.0 812.0 1040.0 752.0
625.0 756.0 622.0 695.0
1071.0 770.0 1066.0 709.0
519.0 645.0 518.0 585.0
749.0 1777.0 740.0 1713.0
1014.0 564.0 1010.0 504.0
929.0 781.0 924.0 718.0
899.0 1489.0 890.0 1428.0
1023.0 1573.0 1012.0 1510.0
784.0 1997.0 772.0 1936.0
723.0 1488.0 716.0 1425.0
893.0 885.0 888.0 824.0
871.0 1418.0 861.0 1359.0
536.0 722.0 535.0 664.0
799.0 1870.0 788.0 1805.0
758.0 746.0 753.0 686.0
996.0 2008.0 981.0 1942.0
639.0 1600.0 630.0 1538.0
498.0 1022.0 496.0 962.0
909.0 1557.0 899.0 1495.0
882.0 1093.0 875.0 1032.0
715.0 415.0 714.0 354.0
603.0 611.0 603.0 550.0
568.0 716.0 565.0 656.0
974.0 1263.0 965.0 1200.0
966.0 621.0 964.0 559.0
936.0 1430.0 926.0 1366.0
566.0 600.0 566.0 540.0
1051.0 682.0 1044.0 620.0
971.0 341.0 968.0 282.0
499.0 536.0 498.0 475.0
1045.0 1944.0 1030.0 1881.0
994.0 432.0 991.0 374.0
1037.0 1656.0 1024.0 1596.0
906.0 1548.0 896.0 1485.0
996.0 1637.0 985.0 1573.0
819.0 1077.0 812.0 1017.0
988.0 444.0 985.0 382.0
609.0 671.0 606.0 609.0
679.0 1830.0 671.0 1769.0
668.0 1705.0 660.0 1645.0
873.0 1165.0 866.0 1106.0
510.0 642.0 510.0 584.0
919.0 1639.0 907.0 1577.0
885.0 810.0 881.0 752.0
940.0 1037.0 934.0 975.0
836.0 1795.0 826.0 1735.0
995.0 827.0 989.0 768.0
981.0 1632.0 968.0 1568.0
872.0 368.0 872.0 309.0
1060.0 1227.0 1050.0 1164.0
1071.0 1622.0 1058.0 1559.0
1023.0 495.0 1020.0 434.0
854.0 1590.0 844.0 1529.0
851.0 1620.0 841.0 1559.0
645.0 1680.0 638.0 1618.0
592.0 797.0 589.0 737.0
1042.0 748.0 1036.0 686.0
527.0 1548.0 521.0 1484.0
689.0 1825.0 680.0 1763.0
694.0 892.0 691.0 834.0
529.0 661.0 528.0 599.0
916.0 1896.0 903.0 1832.0
966.0 1922.0 951.0 1860.0
539.0 550.0 539.0 492.0
752.0 1709.0 743.0 1647.0
738.0 1979.0 729.0 1915.0
273.0 604.0 274.0 545.0
820.0 1919.0 807.0 1857.0
976.0 666.0 973.0 606.0
664.0 440.0 664.0 380.0
1063.0 142.0 1062.0 85.0
1016.0 930.0 1009.0 872.0
922.0 434.0 921.0 373.0
900.0 1340.0 892.0 1278.0
866.0 263.0 864.0 204.0
1021.0 1843.0 1008.0 1781.0
976.0 1238.0 968.0 1175.0
1017.0 1148.0 1009.0 1089.0
980.0 494.0 978.0 434.0
1006.0 71.0 1006.0 12.0
916.0 1969.0 902.0 1907.0
985.0 607.0 982.0 545.0
708.0 786.0 703.0 726.0
602.0 780.0 600.0 721.0
961.0 411.0 958.0 350.0
983.0 1542.0 974.0 1481.0
744.0 1266.0 738.0 1204.0
933.0 1361.0 924.0 1301.0
579.0 687.0 578.0 627.0
1056.0 1492.0 1044.0 1429.0
885.0 563.0 882.0 503.0
1006.0 1673.0 995.0 1611.0
1034.0 1339.0 1023.0 1277.0
281.0 623.0 282.0 560.0
660.0 642.0 658.0 582.0
780.0 1792.0 771.0 1731.0
765.0 1681.0 755.0 1618.0
750.0 1312.0 743.0 1252.0
434.0 609.0 435.0 549.0
988.0 1609.0 977.0 1549.0
860.0 465.0 858.0 402.0
762.0 1819.0 751.0 1758.0
941.0 1245.0 932.0 1184.0
876.0 660.0 873.0 599.0
942.0 1806.0 931.0 1741.0
853.0 1006.0 848.0 943.0
787.0 657.0 784.0 598.0
522.0 674.0 521.0 612.0
773.0 1751.0 763.0 1688.0
755.0 1476.0 747.0 1416.0
295.0 401.0 297.0 341.0
736.0 717.0 732.0 658.0
549.0 691.0 547.0 631.0
801.0 1923.0 789.0 1858.0
943.0 1017.0 938.0 954.0
736.0 1848.0 726.0 1786.0
814.0 1731.0 804.0 1669.0
585.0 754.0 582.0 694.0
1040.0 340.0 1037.0 278.0
869.0 1874.0 855.0 1811.0
1071.0 880.0 1064.0 818.0
743.0 1496.0 735.0 1437.0
955.0 1580.0 945.0 1515.0
857.0 572.0 856.0 511.0
965.0 1473.0 956.0 1411.0
1009.0 1627.0 1000.0 1565.0
550.0 486.0 551.0 425.0
1030.0 599.0 1026.0 538.0
874.0 1196.0 868.0 1133.0
944.0 741.0 939.0 680.0
1022.0 1169.0 1013.0 1107.0
551.0 1876.0 540.0 1814.0
894.0 398.0 892.0 337.0
1030.0 1905.0 1016.0 1843.0
973.0 1850.0 959.0 1787.0
982.0 97.0 981.0 37.0
873.0 403.0 872.0 344.0
671.0 805.0 670.0 746.0
971.0 1947.0 958.0 1882.0
795.0 1026.0 790.0 965.0
532.0 518.0 533.0 459.0
723.0 435.0 723.0 377.0
1013.0 644.0 1007.0 585.0
868.0 447.0 868.0 389.0
1014.0 475.0 1010.0 414.0
755.0 1404.0 748.0 1343.0
936.0 344.0 934.0 285.0
1000.0 1919.0 986.0 1857.0
1012.0 665.0 1007.0 603.0
941.0 1067.0 932.0 1004.0
333.0 394.0 336.0 333.0
933.0 1400.0 924.0 1337.0
404.0 485.0 405.0 424.0
984.0 1193.0 975.0 1133.0
863.0 237.0 863.0 180.0
1052.0 1869.0 1038.0 1806.0
788.0 1475.0 779.0 1413.0
925.0 503.0 923.0 442.0
1047.0 128.0 1047.0 67.0
1066.0 124.0 1064.0 67.0
557.0 678.0 555.0 620.0
1040.0 1058.0 1033.0 996.0
751.0 414.0 751.0 354.0
965.0 670.0 958.0 611.0
790.0 1359.0 782.0 1295.0
845.0 1111.0 838.0 1048.0
1018.0 1723.0 1003.0 1661.0
1051.0 886.0 1045.0 824.0
869.0 1864.0 857.0 1802.0
1070.0 1120.0 1062.0 1057.0
1036.0 851.0 1030.0 793.0
653.0 657.0 651.0 598.0
721.0 719.0 719.0 658.0
855.0 637.0 854.0 578.0
901.0 1250.0 894.0 1189.0
639.0 493.0 640.0 433.0
956.0 474.0 953.0 414.0
702.0 1755.0 691.0 1694.0
667.0 331.0 666.0 270.0
990.0 564.0 987.0 504.0
839.0 1822.0 828.0 1759.0
945.0 267.0 944.0 206.0
1054.0 1389.0 1043.0 1327.0
895.0 1227.0 889.0 1164.0
454.0 381.0 456.0 318.0
565.0 636.0 564.0 577.0
505.0 674.0 505.0 613.0
964.0 1834.0 951.0 1773.0
885.0 1790.0 873.0 1727.0
893.0 1481.0 884.0 1417.0
836.0 613.0 833.0 551.0
696.0 852.0 692.0 794.0
968.0 1140.0 961.0 1080.0
406.0 513.0 405.0 453.0
929.0 757.0 924.0 696.0
730.0 699.0 727.0 637.0
799.0 334.0 797.0 274.0
1037.0 1893.0 1024.0 1827.0
999.0 1744.0 986.0 1682.0
1016.0 993.0 1008.0 932.0
704.0 771.0 702.0 709.0
711.0 470.0 710.0 411.0
1051.0 218.0 1050.0 159.0
1058.0 893.0 1052.0 833.0
1011.0 1083.0 1004.0 1024.0
856.0 691.0 854.0 630.0
514.0 445.0 516.0 384.0
469.0 905.0 470.0 844.0
895.0 1964.0 882.0 1903.0
704.0 1506.0 695.0 1444.0
997.0 1382.0 986.0 1322.0
925.0 1392.0 916.0 1328.0
1059.0 443.0 1055.0 385.0
954.0 821.0 948.0 761.0
818.0 490.0 814.0 431.0
729.0 1304.0 723.0 1242.0
862.0 305.0 861.0 244.0
911.0 725.0 909.0 664.0
744.0 1835.0 735.0 1774.0
837.0 442.0 836.0 382.0
1004.0 537.0 1000.0 477.0
886.0 481.0 882.0 419.0
943.0 918.0 938.0 858.0
870.0 1428.0 861.0 1368.0
635.0 427.0 635.0 368.0
769.0 1223.0 764.0 1160.0
927.0 1090.0 921.0 1027.0
522.0 995.0 519.0 933.0
1066.0 1315.0 1056.0 1251.0
1005.0 674.0 999.0 615.0
494.0 656.0 492.0 598.0
649.0 548.0 649.0 487.0
947.0 1275.0 939.0 1214.0
537.0 569.0 536.0 509.0
955.0 1881.0 942.0 1820.0
846.0 1773.0 836.0 1709.0
647.0 528.0 646.0 466.0
957.0 323.0 955.0 265.0
883.0 1638.0 874.0 1575.0
818.0 1746.0 809.0 1684.0
420.0 468.0 422.0 408.0
934.0 1052.0 927.0 992.0
505.0 619.0 504.0 560.0
922.0 1850.0 910.0 1786.0
846.0 683.0 844.0 623.0
905.0 683.0 902.0 622.0
1068.0 1414.0 1057.0 1352.0
1047.0 265.0 1045.0 206.0
658.0 715.0 656.0 656.0
1047.0 952.0 1039.0 892.0
839.0 1053.0 832.0 992.0
683.0 1775.0 675.0 1711.0
316.0 439.0 318.0 379.0
990.0 1904.0 976.0 1838.0
804.0 1137.0 798.0 1074.0
937.0 1119.0 930.0 1059.0
839.0 1988.0 825.0 1924.0
876.0 1945.0 866.0 1881.0
984.0 596.0 981.0 534.0
962.0 1670.0 952.0 1609.0
863.0 674.0 859.0 614.0
987.0 572.0 982.0 514.0
504.0 479.0 505.0 419.0
746.0 759.0 742.0 700.0
884.0 1650.0 875.0 1589.0
712.0 1843.0 703.0 1779.0
302.0 346.0 305.0 288.0
752.0 1371.0 747.0 1308.0
887.0 595.0 885.0 535.0
891.0 982.0 886.0 921.0
711.0 1302.0 705.0 1242.0
442.0 363.0 444.0 304.0
808.0 1747.0 798.0 1687.0
710.0 669.0 708.0 609.0
1016.0 1066.0 1010.0 1005.0
839.0 1782.0 828.0 1720.0
908.0 1407.0 897.0 1343.0
734.0 1790.0 725.0 1725.0
1001.0 1411.0 991.0 1348.0
1026.0 240.0 1023.0 183.0
899.0 285.0 896.0 223.0
797.0 1820.0 786.0 1757.0
1036.0 395.0 1032.0 337.0
588.0 497.0 588.0 437.0
980.0 1291.0 971.0 1230.0
960.0 1770.0 947.0 1706.0
653.0 754.0 652.0 692.0
1028.0 1564.0 1016.0 1500.0
1011.0 167.0 1008.0 107.0
281.0 284.0 284.0 223.0
620.0 821.0 619.0 763.0
1049.0 1238.0 1040.0 1174.0
546.0 705.0 544.0 646.0
1019.0 686.0 1014.0 623.0
975.0 1833.0 961.0 1770.0
1030.0 271.0 1028.0 212.0
1027.0 1252.0 1017.0 1188.0
982.0 1089.0 975.0 1028.0
471.0 984.0 471.0 923.0
900.0 1176.0 893.0 1112.0
719.0 1901.0 708.0 1837.0
903.0 855.0 898.0 797.0
838.0 460.0 835.0 401.0
1018.0 1829.0 1004.0 1767.0
408.0 523.0 411.0 464.0
260.0 281.0 265.0 222.0
362.0 506.0 362.0 445.0
1011.0 613.0 1007.0 551.0
623.0 878.0 621.0 818.0
1016.0 1649.0 1002.0 1587.0
1021.0 262.0 1020.0 203.0
915.0 313.0 912.0 253.0
266.0 296.0 269.0 234.0
959.0 1610.0 947.0 1545.0
886.0 1482.0 875.0 1421.0
914.0 1439.0 905.0 1379.0
451.0 850.0 448.0 789.0
735.0 483.0 735.0 423.0
363.0 533.0 365.0 470.0
998.0 1665.0 986.0 1603.0
855.0 1137.0 848.0 1076.0
934.0 560.0 933.0 500.0
928.0 1665.0 917.0 1600.0
956.0 698.0 953.0 637.0
609.0 842.0 608.0 784.0
926.0 742.0 922.0 679.0
996.0 318.0 995.0 257.0
796.0 1520.0 788.0 1459.0
901.0 1986.0 887.0 1922.0
801.0 1856.0 789.0 1794.0
745.0 1823.0 735.0 1759.0
887.0 802.0 881.0 742.0
1016.0 953.0 1009.0 890.0
901.0 1154.0 891.0 1094.0
1021.0 1642.0 1010.0 1580.0
608.0 633.0 607.0 571.0
864.0 505.0 862.0 446.0
980.0 1693.0 967.0 1632.0
896.0 757.0 894.0 698.0
459.0 433.0 460.0 373.0
1060.0 1880.0 1045.0 1818.0
1039.0 440.0 1036.0 380.0
1016.0 1527.0 1003.0 1465.0
888.0 1947.0 876.0 1884.0
695.0 422.0 696.0 361.0
1015.0 624.0 1010.0 565.0
523.0 695.0 523.0 633.0
877.0 707.0 875.0 647.0
848.0 938.0 844.0 879.0
811.0 1070.0 806.0 1008.0
978.0 1758.0 964.0 1696.0
729.0 916.0 726.0 857.0
438.0 911.0 437.0 851.0
995.0 856.0 988.0 797.0
694.0 1772.0 685.0 1707.0
644.0 645.0 643.0 582.0
766.0 1846.0 756.0 1781.0
532.0 557.0 531.0 498.0
703.0 432.0 703.0 373.0
536.0 776.0 535.0 715.0
726.0 1800.0 717.0 1739.0
1053.0 2013.0 1037.0 1949.0
835.0 249.0 834.0 188.0
986.0 1758.0 972.0 1694.0
833.0 1943.0 819.0 1882.0
1005.0 144.0 1004.0 86.0
965.0 248.0 963.0 186.0
464.0 777.0 462.0 718.0
492.0 467.0 493.0 405.0
528.0 740.0 526.0 680.0
888.0 1252.0 881.0 1188.0
1024.0 131.0 1023.0 71.0
668.0 742.0 665.0 684.0
470.0 323.0 472.0 265.0
915.0 1149.0 905.0 1088.0
874.0 500.0 869.0 439.0
829.0 326.0 829.0 266.0
870.0 1209.0 864.0 1147.0
643.0 791.0 640.0 728.0
942.0 1848.0 928.0 1784.0
999.0 1219.0 988.0 1157.0
919.0 1132.0 914.0 1071.0
1029.0 250.0 1025.0 192.0
904.0 359.0 901.0 299.0
933.0 494.0 929.0 433.0
1060.0 1871.0 1047.0 1808.0
1053.0 486.0 1049.0 425.0
887.0 1188.0 880.0 1127.0
691.0 1779.0 682.0 1717.0
887.0 699.0 886.0 639.0
624.0 483.0 622.0 421.0
902.0 673.0 899.0 612.0
606.0 452.0 605.0 394.0
877.0 1131.0 871.0 1068.0
962.0 89.0 962.0 31.0
594.0 640.0 592.0 579.0
827.0 660.0 823.0 600.0
908.0 1930.0 895.0 1867.0
918.0 562.0 912.0 502.0
1036.0 469.0 1032.0 411.0
1057.0 547.0 1052.0 488.0
615.0 680.0 614.0 617.0
1005.0 1187.0 997.0 1127.0
482.0 905.0 480.0 846.0
276.0 377.0 278.0 317.0
834.0 646.0 832.0 583.0
795.0 1723.0 784.0 1661.0
486.0 772.0 486.0 711.0
1071.0 182.0 1070.0 124.0
924.0 601.0 919.0 539.0
798.0 1539.0 790.0 1477.0
910.0 1587.0 898.0 1524.0
1036.0 1919.0 1021.0 1855.0
748.0 1766.0 740.0 1703.0
926.0 1953.0 913.0 1891.0
920.0 81.0 920.0 21.0
694.0 366.0 694.0 306.0
795.0 544.0 792.0 484.0
1025.0 213.0 1023.0 153.0
371.0 581.0 374.0 519.0
1010.0 801.0 1003.0 743.0
1035.0 871.0 1028.0 808.0
823.0 233.0 825.0 175.0
854.0 392.0 851.0 330.0
1044.0 148.0 1043.0 90.0
932.0 1295.0 922.0 1231.0
840.0 2029.0 828.0 1966.0
1060.0 511.0 1056.0 449.0
779.0 825.0 776.0 765.0
944.0 1365.0 935.0 1301.0
951.0 1817.0 939.0 1756.0
884.0 586.0 881.0 526.0
1000.0 1734.0 988.0 1672.0
930.0 524.0 927.0 465.0
999.0 1178.0 990.0 1116.0
909.0 172.0 910.0 110.0
401.0 922.0 400.0 864.0
958.0 1709.0 947.0 1644.0
701.0 458.0 700.0 397.0
932.0 368.0 928.0 310.0
869.0 1636.0 858.0 1573.0
1041.0 1679.0 1028.0 1619.0
1064.0 1762.0 1049.0 1699.0
997.0 1236.0 989.0 1174.0
847.0 247.0 848.0 185.0
539.0 1111.0 534.0 1051.0
895.0 1652.0 882.0 1589.0
531.0 500.0 531.0 441.0
398.0 460.0 398.0 400.0
506.0 467.0 507.0 406.0
966.0 1596.0 954.0 1533.0
1005.0 830.0 1000.0 772.0
1022.0 78.0 1023.0 16.0
655.0 1709.0 646.0 1647.0
845.0 418.0 844.0 357.0
1054.0 1760.0 1041.0 1696.0
1019.0 633.0 1015.0 570.0
857.0 1169.0 850.0 1109.0
902.0 515.0 901.0 457.0
836.0 1014.0 831.0 951.0
748.0 867.0 746.0 805.0
933.0 787.0 928.0 725.0
548.0 537.0 547.0 478.0
967.0 297.0 965.0 237.0
526.0 1941.0 516.0 1877.0
746.0 1852.0 736.0 1790.0
731.0 744.0 728.0 684.0
825.0 499.0 824.0 440.0
1069.0 1595.0 1056.0 1532.0
994.0 521.0 991.0 460.0
500.0 1031.0 498.0 973.0
1015.0 1731.0 1001.0 1668.0
758.0 1901.0 747.0 1839.0
721.0 1837.0 711.0 1773.0
1033.0 345.0 1031.0 288.0
580.0 788.0 579.0 728.0
706.0 583.0 704.0 521.0
876.0 1512.0 864.0 1451.0
498.0 647.0 499.0 589.0
581.0 500.0 583.0 442.0
464.0 1001.0 461.0 940.0
1039.0 1182.0 1029.0 1121.0
1051.0 1751.0 1037.0 1687.0
969.0 1932.0 955.0 1868.0
825.0 690.0 821.0 627.0
470.0 469.0 472.0 408.0
1045.0 1657.0 1033.0 1594.0
556.0 724.0 556.0 665.0
851.0 1017.0 845.0 954.0
896.0 1402.0 887.0 1338.0
766.0 1767.0 756.0 1704.0
506.0 1010.0 503.0 951.0
